sentence1	PPL1	Sentence2	PPL2	Correct
Ben thinks about himself called this fuel .	8.798171043395996	Ben thinks about himself calling this fuel .	8.944798469543457	incorrect
Anne thinks about herself called this fuel .	8.462778091430664	Anne thinks about herself calling this fuel .	8.517069816589355	incorrect
Ben thinks about himself gets this fuel .	8.20256519317627	Ben thinks about himself getting this fuel .	8.216638565063477	incorrect
Anne thinks about herself gets this fuel .	8.021748542785645	Anne thinks about herself getting this fuel .	7.895294189453125	correct
Roger thinks about himself tried this stand .	8.02148723602295	Roger thinks about himself trying this stand .	7.659132957458496	correct
Laura thinks about herself tried this stand .	7.708876132965088	Laura thinks about herself trying this stand .	7.324021816253662	correct
Roger thinks about himself makes this stand .	7.73045015335083	Roger thinks about himself making this stand .	7.1477789878845215	correct
Laura thinks about herself makes this stand .	7.132637023925781	Laura thinks about herself making this stand .	6.597220420837402	correct
Bill must not think about himself put away some color .	6.485490322113037	Bill must not think about himself putting away some color .	6.565181732177734	incorrect
Sarah must not think about herself put away some color .	6.200045585632324	Sarah must not think about herself putting away some color .	6.303504943847656	incorrect
Bill must not think about himself plans some color .	8.402410507202148	Bill must not think about himself planning some color .	7.240743160247803	correct
Sarah must not think about herself plans some color .	7.726230144500732	Sarah must not think about herself planning some color .	6.841325283050537	correct
Bill did not think about himself moved some back .	6.709436416625977	Bill did not think about himself moving some back .	6.171180248260498	correct
Sarah did not think about herself moved some back .	6.5352678298950195	Sarah did not think about herself moving some back .	6.132273197174072	correct
Bill did not think about himself plans some back .	7.75590181350708	Bill did not think about himself planning some back .	7.126288414001465	correct
Sarah did not think about herself plans some back .	7.3332695960998535	Sarah did not think about herself planning some back .	6.734635353088379	correct
Henry must think about himself put away a guess .	5.594951629638672	Henry must think about himself putting away a guess .	5.659557342529297	incorrect
Sarah must think about herself put away a guess .	6.2116498947143555	Sarah must think about herself putting away a guess .	6.31433629989624	incorrect
Henry must think about himself sees a guess .	6.464746952056885	Henry must think about himself seeing a guess .	6.08078145980835	correct
Sarah must think about herself sees a guess .	7.24777889251709	Sarah must think about herself seeing a guess .	6.84066104888916	correct
William thinks about himself called that ball .	7.520013332366943	William thinks about himself calling that ball .	7.478389263153076	correct
Sarah thinks about herself called that ball .	7.851054668426514	Sarah thinks about herself calling that ball .	7.741700172424316	correct
William thinks about himself runs to that ball .	7.55364465713501	William thinks about himself running to that ball .	7.28123140335083	correct
Sarah thinks about herself runs to that ball .	7.566548824310303	Sarah thinks about herself running to that ball .	7.056726932525635	correct
Mark did not think about himself covered this whale .	6.6544976234436035	Mark did not think about himself covering this whale .	6.832259178161621	incorrect
Sarah did not think about herself covered this whale .	6.395190715789795	Sarah did not think about herself covering this whale .	6.6098785400390625	incorrect
Mark did not think about himself calls this whale .	7.279820919036865	Mark did not think about himself calling this whale .	6.751927852630615	correct
Sarah did not think about herself calls this whale .	6.978417873382568	Sarah did not think about herself calling this whale .	6.338006496429443	correct
Obama must think about himself put away some plan .	6.621119022369385	Obama must think about himself putting away some plan .	6.693003177642822	incorrect
Laura must think about herself put away some plan .	6.441915988922119	Laura must think about herself putting away some plan .	6.599501609802246	incorrect
Obama must think about himself stands some plan .	7.764806270599365	Obama must think about himself standing some plan .	7.520602703094482	correct
Laura must think about herself stands some plan .	7.910208702087402	Laura must think about herself standing some plan .	7.674627304077148	correct
Simon must think about himself lived in some memory .	7.478095531463623	Simon must think about himself living in some memory .	7.255734920501709	correct
Laura must think about herself lived in some memory .	6.954048156738281	Laura must think about herself living in some memory .	6.490532875061035	correct
Simon must think about himself calls some memory .	8.70602798461914	Simon must think about himself calling some memory .	8.028820991516113	correct
Laura must think about herself calls some memory .	8.167473793029785	Laura must think about herself calling some memory .	7.332516670227051	correct
Michael thought about himself read this media .	7.501693248748779	Michael thought about himself reading this media .	7.324776649475098	correct
Sarah thought about herself read this media .	7.43997049331665	Sarah thought about herself reading this media .	7.233712673187256	correct
Michael thought about himself depends this media .	9.136260986328125	Michael thought about himself depending this media .	9.006223678588867	correct
Sarah thought about herself depends this media .	9.101486206054688	Sarah thought about herself depending this media .	8.84910774230957	correct
Michael did not think about himself set up that label .	5.651337623596191	Michael did not think about himself setting up that label .	5.749432563781738	incorrect
Sarah did not think about herself set up that label .	5.979093074798584	Sarah did not think about herself setting up that label .	6.036457538604736	incorrect
Michael did not think about himself stands that label .	6.744170665740967	Michael did not think about himself standing that label .	6.1532745361328125	correct
Sarah did not think about herself stands that label .	7.0820512771606445	Sarah did not think about herself standing that label .	6.613231182098389	correct
Carter could think about himself tried that bird .	8.483509063720703	Carter could think about himself trying that bird .	8.370586395263672	correct
Anne could think about herself tried that bird .	7.581147193908691	Anne could think about herself trying that bird .	7.288369178771973	correct
Carter could think about himself takes that bird .	9.020599365234375	Carter could think about himself taking that bird .	7.990309238433838	correct
Anne could think about herself takes that bird .	7.8081955909729	Anne could think about herself taking that bird .	7.016863822937012	correct
Chris thought about himself served some valley .	8.751076698303223	Chris thought about himself serving some valley .	8.406659126281738	correct
Sarah thought about herself served some valley .	8.604374885559082	Sarah thought about herself serving some valley .	8.258037567138672	correct
Chris thought about himself depends some valley .	9.207551956176758	Chris thought about himself depending some valley .	8.927999496459961	correct
Sarah thought about herself depends some valley .	9.008462905883789	Sarah thought about herself depending some valley .	8.740718841552734	correct
Roger could think about himself tried some procedure .	8.385087013244629	Roger could think about himself trying some procedure .	8.198790550231934	correct
Maria could think about herself tried some procedure .	8.250226020812988	Maria could think about herself trying some procedure .	8.053841590881348	correct
Roger could think about himself tests some procedure .	8.895713806152344	Roger could think about himself testing some procedure .	8.451857566833496	correct
Maria could think about herself tests some procedure .	8.74046516418457	Maria could think about herself testing some procedure .	8.317620277404785	correct
Alexander must not think about himself tried that bear .	6.863780498504639	Alexander must not think about himself trying that bear .	6.912786960601807	incorrect
Maria must not think about herself tried that bear .	6.904908180236816	Maria must not think about herself trying that bear .	6.806748390197754	correct
Alexander must not think about himself studies that bear .	7.25115966796875	Alexander must not think about himself studying that bear .	6.732649326324463	correct
Maria must not think about herself studies that bear .	7.048436164855957	Maria must not think about herself studying that bear .	6.633694648742676	correct
Edward thought about himself called the label .	6.174498558044434	Edward thought about himself calling the label .	6.742795467376709	incorrect
Maria thought about herself called the label .	6.782868385314941	Maria thought about herself calling the label .	6.968636512756348	incorrect
Edward thought about himself changes the label .	6.9064741134643555	Edward thought about himself changing the label .	6.288749694824219	correct
Maria thought about herself changes the label .	7.4395036697387695	Maria thought about herself changing the label .	6.610976696014404	correct
Robert did not think about himself lived in that movie .	5.617548942565918	Robert did not think about himself living in that movie .	5.35446834564209	correct
Laura did not think about herself lived in that movie .	5.2024407386779785	Laura did not think about herself living in that movie .	4.794191837310791	correct
Robert did not think about himself studies that movie .	6.486546039581299	Robert did not think about himself studying that movie .	5.828983306884766	correct
Laura did not think about herself studies that movie .	6.206264019012451	Laura did not think about herself studying that movie .	5.828741550445557	correct
Simon could think about himself put away that back .	6.992043972015381	Simon could think about himself putting away that back .	7.09253454208374	incorrect
Sarah could think about herself put away that back .	6.404998779296875	Sarah could think about herself putting away that back .	6.537796974182129	incorrect
Simon could think about himself makes that back .	7.941832065582275	Simon could think about himself making that back .	7.503442764282227	correct
Sarah could think about herself makes that back .	7.223875999450684	Sarah could think about herself making that back .	6.700535297393799	correct
Chris must think about himself put away that counter .	7.003472805023193	Chris must think about himself putting away that counter .	7.179678440093994	incorrect
Maria must think about herself put away that counter .	6.527553081512451	Maria must think about herself putting away that counter .	6.755605220794678	incorrect
Chris must think about himself covers that counter .	8.159140586853027	Chris must think about himself covering that counter .	7.913519859313965	correct
Maria must think about herself covers that counter .	7.727884769439697	Maria must think about herself covering that counter .	7.343526363372803	correct
Simon thought about himself moved a home .	8.104279518127441	Simon thought about himself moving a home .	7.629180431365967	correct
Sarah thought about herself moved a home .	7.445537090301514	Sarah thought about herself moving a home .	7.079859256744385	correct
Roger must think about himself put away this bird .	7.525184154510498	Roger must think about himself putting away this bird .	7.493844032287598	correct
Sarah must think about herself put away this bird .	6.576271057128906	Sarah must think about herself putting away this bird .	6.708393096923828	incorrect
Roger must think about himself depends this bird .	8.603241920471191	Roger must think about himself depending this bird .	8.377642631530762	correct
Sarah must think about herself depends this bird .	7.855673789978027	Sarah must think about herself depending this bird .	7.385307312011719	correct
Obama must not think about himself called the game .	6.50152063369751	Obama must not think about himself calling the game .	6.685070514678955	incorrect
Sarah must not think about herself called the game .	6.477489471435547	Sarah must not think about herself calling the game .	6.471230983734131	correct
Obama must not think about himself looks at the game .	6.341904640197754	Obama must not think about himself looking at the game .	5.897149562835693	correct
Sarah must not think about herself looks at the game .	6.162104606628418	Sarah must not think about herself looking at the game .	5.506041049957275	correct
Chris thought about himself tried the growth .	8.40787410736084	Chris thought about himself trying the growth .	8.09813117980957	correct
Sarah thought about herself tried the growth .	8.267230987548828	Sarah thought about herself trying the growth .	7.904514789581299	correct
Chris thought about himself goes to the growth .	7.45046854019165	Chris thought about himself going to the growth .	6.938686847686768	correct
Sarah thought about herself goes to the growth .	7.346324443817139	Sarah thought about herself going to the growth .	6.567014217376709	correct
Alexander thinks about himself lived in some procedure .	7.698856830596924	Alexander thinks about himself living in some procedure .	7.397637367248535	correct
Laura thinks about herself lived in some procedure .	7.945614814758301	Laura thinks about herself living in some procedure .	7.391463279724121	correct
Alexander thinks about himself tests some procedure .	9.037665367126465	Alexander thinks about himself testing some procedure .	8.455709457397461	correct
Laura thinks about herself tests some procedure .	9.470538139343262	Laura thinks about herself testing some procedure .	8.604177474975586	correct
Donald must not think about himself set up some color .	6.754189968109131	Donald must not think about himself setting up some color .	6.640222072601318	correct
Sarah must not think about herself set up some color .	6.356722831726074	Sarah must not think about herself setting up some color .	6.367668151855469	incorrect
Donald must not think about himself looks at some color .	6.630598545074463	Donald must not think about himself looking at some color .	5.952012062072754	correct
Sarah must not think about herself looks at some color .	6.346652984619141	Sarah must not think about herself looking at some color .	5.713726043701172	correct
Joseph could think about himself covered that suit .	7.74676513671875	Joseph could think about himself covering that suit .	8.034582138061523	incorrect
Anne could think about herself covered that suit .	7.156503677368164	Anne could think about herself covering that suit .	7.533015727996826	incorrect
Joseph could think about himself calls that suit .	8.54178524017334	Joseph could think about himself calling that suit .	8.010306358337402	correct
Anne could think about herself calls that suit .	8.080095291137695	Anne could think about herself calling that suit .	7.490028381347656	correct
Gregory could think about himself ran to the mirror .	7.291898250579834	Gregory could think about himself running to the mirror .	7.022629737854004	correct
Anne could think about herself ran to the mirror .	6.602634429931641	Anne could think about herself running to the mirror .	6.27777624130249	correct
Gregory could think about himself calls the mirror .	8.246397018432617	Gregory could think about himself calling the mirror .	7.536441802978516	correct
Anne could think about herself calls the mirror .	7.776787757873535	Anne could think about herself calling the mirror .	7.100496768951416	correct
Edward thinks about himself called some boom .	7.260530948638916	Edward thinks about himself calling some boom .	7.396476745605469	incorrect
Sarah thinks about herself called some boom .	8.343791961669922	Sarah thinks about herself calling some boom .	8.19977855682373	correct
Edward thinks about himself makes some boom .	7.277178764343262	Edward thinks about himself making some boom .	6.9359660148620605	correct
Sarah thinks about herself makes some boom .	8.120092391967773	Sarah thinks about herself making some boom .	7.606882095336914	correct
Philip thinks about himself set up that whale .	7.40859317779541	Philip thinks about himself setting up that whale .	7.408459186553955	correct
Laura thinks about herself set up that whale .	7.04250431060791	Laura thinks about herself setting up that whale .	7.364062309265137	incorrect
Philip thinks about himself depends that whale .	9.048137664794922	Philip thinks about himself depending that whale .	8.838434219360352	correct
Laura thinks about herself depends that whale .	8.768291473388672	Laura thinks about herself depending that whale .	8.5208740234375	correct
Robert thought about himself put away this apple .	6.591731548309326	Robert thought about himself putting away this apple .	6.602147102355957	incorrect
Maria thought about herself put away this apple .	6.339540958404541	Maria thought about herself putting away this apple .	6.52636194229126	incorrect
Robert thought about himself takes this apple .	7.4037909507751465	Robert thought about himself taking this apple .	6.574338912963867	correct
Maria thought about herself takes this apple .	7.5632452964782715	Maria thought about herself taking this apple .	6.7771711349487305	correct
Richard must not think about himself read that dance .	5.630416393280029	Richard must not think about himself reading that dance .	5.612710475921631	correct
Maria must not think about herself read that dance .	6.193051338195801	Maria must not think about herself reading that dance .	6.171012878417969	correct
Richard must not think about himself moves that dance .	6.770887851715088	Richard must not think about himself moving that dance .	6.292593955993652	correct
Maria must not think about herself moves that dance .	7.321887969970703	Maria must not think about herself moving that dance .	6.767745494842529	correct
Chris did not think about himself ran to a sky .	6.504133701324463	Chris did not think about himself running to a sky .	6.290381908416748	correct
Sarah did not think about herself ran to a sky .	6.44437837600708	Sarah did not think about herself running to a sky .	6.14257287979126	correct
Chris did not think about himself calls a sky .	7.098475933074951	Chris did not think about himself calling a sky .	6.672890663146973	correct
Sarah did not think about herself calls a sky .	7.270092964172363	Sarah did not think about herself calling a sky .	6.563364505767822	correct
Alexander thought about himself moved a dance .	6.9948530197143555	Alexander thought about himself moving a dance .	6.416406631469727	correct
Anne thought about herself moved a dance .	7.69785213470459	Anne thought about herself moving a dance .	7.114528656005859	correct
Alexander thought about himself starts a dance .	6.712253570556641	Alexander thought about himself starting a dance .	6.03676176071167	correct
Anne thought about herself starts a dance .	7.404449462890625	Anne thought about herself starting a dance .	6.647880554199219	correct
Bill thought about himself read that counter .	7.776346683502197	Bill thought about himself reading that counter .	7.31193733215332	correct
Anne thought about herself read that counter .	7.4046478271484375	Anne thought about herself reading that counter .	6.99258279800415	correct
Bill thought about himself depends that counter .	9.44914722442627	Bill thought about himself depending that counter .	9.44021987915039	correct
Anne thought about herself depends that counter .	8.451315879821777	Anne thought about herself depending that counter .	8.128604888916016	correct
Alexander thinks about himself put away this drop .	7.145020484924316	Alexander thinks about himself putting away this drop .	7.307902812957764	incorrect
Sarah thinks about herself put away this drop .	7.429248332977295	Sarah thinks about herself putting away this drop .	7.665489196777344	incorrect
Alexander thinks about himself sees this drop .	7.939241409301758	Alexander thinks about himself seeing this drop .	7.720908164978027	correct
Sarah thinks about herself sees this drop .	8.265312194824219	Sarah thinks about herself seeing this drop .	8.008831024169922	correct
Louis must think about himself called a bank .	6.469359874725342	Louis must think about himself calling a bank .	6.631504535675049	incorrect
Maria must think about herself called a bank .	6.933831214904785	Maria must think about herself calling a bank .	6.910542011260986	correct
Louis must think about himself shows off a bank .	7.227231502532959	Louis must think about himself showing off a bank .	6.692864894866943	correct
Maria must think about herself shows off a bank .	7.478280544281006	Maria must think about herself showing off a bank .	6.900657653808594	correct
Taylor could think about himself set up some picture .	7.083903789520264	Taylor could think about himself setting up some picture .	6.990411281585693	correct
Anne could think about herself set up some picture .	6.855094909667969	Anne could think about herself setting up some picture .	6.736761569976807	correct
Taylor could think about himself plans some picture .	8.66859245300293	Taylor could think about himself planning some picture .	7.765222549438477	correct
Anne could think about herself plans some picture .	8.315616607666016	Anne could think about herself planning some picture .	7.472314834594727	correct
Donald thinks about himself moved the hill .	7.027332782745361	Donald thinks about himself moving the hill .	6.225588798522949	correct
Laura thinks about herself moved the hill .	7.445691108703613	Laura thinks about herself moving the hill .	6.613583564758301	correct
Donald thinks about himself depends the hill .	8.628157615661621	Donald thinks about himself depending the hill .	8.541402816772461	correct
Laura thinks about herself depends the hill .	8.589824676513672	Laura thinks about herself depending the hill .	8.424773216247559	correct
Simon did not think about himself lived in the general .	6.260729789733887	Simon did not think about himself living in the general .	6.0880866050720215	correct
Anne did not think about herself lived in the general .	5.944748878479004	Anne did not think about herself living in the general .	5.670114040374756	correct
Simon did not think about himself studies the general .	7.100186347961426	Simon did not think about himself studying the general .	6.603527069091797	correct
Anne did not think about herself studies the general .	6.518292427062988	Anne did not think about herself studying the general .	6.2300333976745605	correct
Louis must think about himself put away that camera .	6.068393230438232	Louis must think about himself putting away that camera .	6.0569000244140625	correct
Laura must think about herself put away that camera .	6.284292697906494	Laura must think about herself putting away that camera .	6.371573448181152	incorrect
Louis must think about himself plans that camera .	7.333391189575195	Louis must think about himself planning that camera .	6.922355651855469	correct
Laura must think about herself plans that camera .	7.663133144378662	Laura must think about herself planning that camera .	7.006873607635498	correct
Allen must think about himself tried a tradition .	8.256170272827148	Allen must think about himself trying a tradition .	8.012735366821289	correct
Maria must think about herself tried a tradition .	7.295854568481445	Maria must think about herself trying a tradition .	6.885581970214844	correct
Allen must think about himself changes a tradition .	7.98041296005249	Allen must think about himself changing a tradition .	7.624800205230713	correct
Maria must think about herself changes a tradition .	6.925765514373779	Maria must think about herself changing a tradition .	6.700832843780518	correct
Joseph must think about himself ran to a color .	8.170930862426758	Joseph must think about himself running to a color .	7.839939594268799	correct
Anne must think about herself ran to a color .	7.302075386047363	Anne must think about herself running to a color .	7.021078586578369	correct
Joseph must think about himself plans a color .	8.810236930847168	Joseph must think about himself planning a color .	8.152495384216309	correct
Anne must think about herself plans a color .	8.227811813354492	Anne must think about herself planning a color .	7.4263458251953125	correct
Simon thinks about himself put away this truck .	7.311391353607178	Simon thinks about himself putting away this truck .	7.3601531982421875	incorrect
Laura thinks about herself put away this truck .	6.713372230529785	Laura thinks about herself putting away this truck .	6.884467124938965	incorrect
Simon thinks about himself studies this truck .	8.621773719787598	Simon thinks about himself studying this truck .	7.883048057556152	correct
Laura thinks about herself studies this truck .	7.819970607757568	Laura thinks about herself studying this truck .	7.403761863708496	correct
Taylor must think about himself tried some night .	7.858468055725098	Taylor must think about himself trying some night .	7.639296531677246	correct
Sarah must think about herself tried some night .	7.688858985900879	Sarah must think about herself trying some night .	7.408719539642334	correct
Taylor must think about himself changes some night .	7.76694917678833	Taylor must think about himself changing some night .	7.566670894622803	correct
Sarah must think about herself changes some night .	7.337410926818848	Sarah must think about herself changing some night .	7.0730881690979	correct
Louis did not think about himself set up some bird .	5.837062835693359	Louis did not think about himself setting up some bird .	5.882188320159912	incorrect
Sarah did not think about herself set up some bird .	6.1398234367370605	Sarah did not think about herself setting up some bird .	6.2726569175720215	incorrect
Louis did not think about himself shows off some bird .	6.72296667098999	Louis did not think about himself showing off some bird .	5.973182201385498	correct
Sarah did not think about herself shows off some bird .	7.1692328453063965	Sarah did not think about herself showing off some bird .	6.294744968414307	correct
Obama thought about himself read a cast .	7.454023838043213	Obama thought about himself reading a cast .	7.2020416259765625	correct
Sarah thought about herself read a cast .	7.225798606872559	Sarah thought about herself reading a cast .	7.015262603759766	correct
Obama thought about himself sees a cast .	7.3359527587890625	Obama thought about himself seeing a cast .	7.058633327484131	correct
Sarah thought about herself sees a cast .	7.61791467666626	Sarah thought about herself seeing a cast .	6.996818542480469	correct
Simon could think about himself set up this night .	7.128289222717285	Simon could think about himself setting up this night .	7.235671520233154	incorrect
Maria could think about herself set up this night .	6.546002388000488	Maria could think about herself setting up this night .	6.711034297943115	incorrect
Simon could think about himself records this night .	8.257108688354492	Simon could think about himself recording this night .	7.69838285446167	correct
Maria could think about herself records this night .	7.862989902496338	Maria could think about herself recording this night .	7.281163692474365	correct
Chris did not think about himself tried this whale .	6.807127475738525	Chris did not think about himself trying this whale .	6.77844762802124	correct
Laura did not think about herself tried this whale .	6.676551818847656	Laura did not think about herself trying this whale .	6.555123805999756	correct
Chris did not think about himself starts this whale .	7.108218669891357	Chris did not think about himself starting this whale .	6.683934211730957	correct
Laura did not think about herself starts this whale .	6.987403392791748	Laura did not think about herself starting this whale .	6.445446491241455	correct
Allen must think about himself called some movie .	8.211076736450195	Allen must think about himself calling some movie .	8.316906929016113	incorrect
Laura must think about herself called some movie .	7.283740997314453	Laura must think about herself calling some movie .	7.23171854019165	correct
Allen must think about himself covers some movie .	8.614212036132812	Allen must think about himself covering some movie .	8.628509521484375	incorrect
Laura must think about herself covers some movie .	7.719465732574463	Laura must think about herself covering some movie .	7.51726770401001	correct
Joseph must think about himself covered the guess .	7.711662292480469	Joseph must think about himself covering the guess .	7.900389194488525	incorrect
Anne must think about herself covered the guess .	6.974756240844727	Anne must think about herself covering the guess .	7.266993999481201	incorrect
Joseph must think about himself makes the guess .	7.727687835693359	Joseph must think about himself making the guess .	7.4969024658203125	correct
Anne must think about herself makes the guess .	7.084646701812744	Anne must think about herself making the guess .	6.973072528839111	correct
Allen must not think about himself set up a fuel .	7.214666366577148	Allen must not think about himself setting up a fuel .	7.327142238616943	incorrect
Anne must not think about herself set up a fuel .	6.611783981323242	Anne must not think about herself setting up a fuel .	6.761179447174072	incorrect
Allen must not think about himself sees a fuel .	8.067078590393066	Allen must not think about himself seeing a fuel .	7.81329345703125	correct
Anne must not think about herself sees a fuel .	7.3486552238464355	Anne must not think about herself seeing a fuel .	7.4079484939575195	incorrect
Donald could think about himself ran to an apple .	6.957054138183594	Donald could think about himself running to an apple .	6.565014362335205	correct
Sarah could think about herself ran to an apple .	6.7982072830200195	Sarah could think about herself running to an apple .	6.454020023345947	correct
Donald could think about himself studies an apple .	8.213048934936523	Donald could think about himself studying an apple .	7.38831901550293	correct
Sarah could think about herself studies an apple .	7.704235553741455	Sarah could think about herself studying an apple .	6.960260391235352	correct
William must think about himself read some game .	7.280422687530518	William must think about himself reading some game .	7.321848392486572	incorrect
Maria must think about herself read some game .	7.067347049713135	Maria must think about herself reading some game .	6.811458110809326	correct
William must think about himself plans some game .	8.031010627746582	William must think about himself planning some game .	7.770872592926025	correct
Maria must think about herself plans some game .	7.790078163146973	Maria must think about herself planning some game .	7.368892192840576	correct
Allen thought about himself moved a movie .	7.857300758361816	Allen thought about himself moving a movie .	7.2372026443481445	correct
Laura thought about herself moved a movie .	7.681621551513672	Laura thought about herself moving a movie .	6.8940815925598145	correct
Allen thought about himself records a movie .	8.30805778503418	Allen thought about himself recording a movie .	7.374959945678711	correct
Laura thought about herself records a movie .	8.097759246826172	Laura thought about herself recording a movie .	6.995767116546631	correct
Thomas must think about himself covered some drop .	7.547853946685791	Thomas must think about himself covering some drop .	7.779513835906982	incorrect
Maria must think about herself covered some drop .	7.318545818328857	Maria must think about herself covering some drop .	7.42995548248291	incorrect
Thomas must think about himself goes to some drop .	7.022070407867432	Thomas must think about himself going to some drop .	6.6572699546813965	correct
Maria must think about herself goes to some drop .	6.949501037597656	Maria must think about herself going to some drop .	6.454994201660156	correct
Edward could think about himself moved the color .	6.8813629150390625	Edward could think about himself moving the color .	6.346956253051758	correct
Sarah could think about herself moved the color .	7.419602394104004	Sarah could think about herself moving the color .	6.809052467346191	correct
Edward could think about himself shows off the color .	6.9858598709106445	Edward could think about himself showing off the color .	6.224048137664795	correct
Sarah could think about herself shows off the color .	7.362303256988525	Sarah could think about herself showing off the color .	6.213278293609619	correct
Sam could think about himself lived in this color .	6.310201168060303	Sam could think about himself living in this color .	6.076725006103516	correct
Laura could think about herself lived in this color .	6.274811744689941	Laura could think about herself living in this color .	5.822131633758545	correct
Sam could think about himself records this color .	7.734172821044922	Sam could think about himself recording this color .	7.093351364135742	correct
Laura could think about herself records this color .	7.621881484985352	Laura could think about herself recording this color .	6.8135480880737305	correct
Philip thought about himself called some color .	7.451004981994629	Philip thought about himself calling some color .	7.518183708190918	incorrect
Maria thought about herself called some color .	7.020254135131836	Maria thought about herself calling some color .	6.881731986999512	correct
Philip thought about himself starts some color .	8.378143310546875	Philip thought about himself starting some color .	7.610320568084717	correct
Maria thought about herself starts some color .	7.833950042724609	Maria thought about herself starting some color .	7.111756324768066	correct
Sam must think about himself tried some color .	7.4583306312561035	Sam must think about himself trying some color .	7.17500114440918	correct
Anne must think about herself tried some color .	7.588886737823486	Anne must think about herself trying some color .	7.326518535614014	correct
Sam must think about himself turns some color .	7.59598445892334	Sam must think about himself turning some color .	7.0315022468566895	correct
Anne must think about herself turns some color .	7.4282355308532715	Anne must think about herself turning some color .	7.051485538482666	correct
Edward thinks about himself served some guess .	7.459512710571289	Edward thinks about himself serving some guess .	7.213274955749512	correct
Maria thinks about herself served some guess .	7.504020690917969	Maria thinks about herself serving some guess .	7.2549729347229	correct
Edward thinks about himself goes to some guess .	6.8993353843688965	Edward thinks about himself going to some guess .	6.249900817871094	correct
Maria thinks about herself goes to some guess .	6.977298259735107	Maria thinks about herself going to some guess .	6.356882095336914	correct
Sam thought about himself lived in a bird .	6.473298072814941	Sam thought about himself living in a bird .	6.283574104309082	correct
Laura thought about herself lived in a bird .	6.6156110763549805	Laura thought about herself living in a bird .	6.0951337814331055	correct
Sam thought about himself plans a bird .	8.652948379516602	Sam thought about himself planning a bird .	7.535658836364746	correct
Laura thought about herself plans a bird .	8.461854934692383	Laura thought about herself planning a bird .	7.274855613708496	correct
Thomas must think about himself ran to a couple .	6.808479309082031	Thomas must think about himself running to a couple .	6.669131755828857	correct
Anne must think about herself ran to a couple .	6.822551250457764	Anne must think about herself running to a couple .	6.633853435516357	correct
Thomas must think about himself gets a couple .	6.720959186553955	Thomas must think about himself getting a couple .	6.353016376495361	correct
Anne must think about herself gets a couple .	6.901562213897705	Anne must think about herself getting a couple .	6.56096076965332	correct
Bill must think about himself covered a memory .	7.621474742889404	Bill must think about himself covering a memory .	7.6056671142578125	correct
Sarah must think about herself covered a memory .	7.30581521987915	Sarah must think about herself covering a memory .	7.343857765197754	incorrect
Bill must think about himself calls a memory .	8.199102401733398	Bill must think about himself calling a memory .	7.612551689147949	correct
Sarah must think about herself calls a memory .	7.958260536193848	Sarah must think about herself calling a memory .	7.274412631988525	correct
Gregory thought about himself covered some tradition .	8.181126594543457	Gregory thought about himself covering some tradition .	8.10147762298584	correct
Laura thought about herself covered some tradition .	8.2615385055542	Laura thought about herself covering some tradition .	8.279523849487305	incorrect
Gregory thought about himself calls some tradition .	8.726627349853516	Gregory thought about himself calling some tradition .	7.807932376861572	correct
Laura thought about herself calls some tradition .	8.853781700134277	Laura thought about herself calling some tradition .	7.916138172149658	correct
Mark must not think about himself served this whale .	7.609890460968018	Mark must not think about himself serving this whale .	7.175146579742432	correct
Laura must not think about herself served this whale .	7.430207252502441	Laura must not think about herself serving this whale .	6.880069255828857	correct
Mark must not think about himself goes to this whale .	6.618091106414795	Mark must not think about himself going to this whale .	6.355233192443848	correct
Laura must not think about herself goes to this whale .	6.33577823638916	Laura must not think about herself going to this whale .	5.9898858070373535	correct
Donald thinks about himself moved a cast .	7.951955795288086	Donald thinks about himself moving a cast .	7.233890533447266	correct
Maria thinks about herself moved a cast .	7.2149505615234375	Maria thinks about herself moving a cast .	6.56248664855957	correct
Donald thinks about himself covers a cast .	7.87443733215332	Donald thinks about himself covering a cast .	7.649271488189697	correct
Maria thinks about herself covers a cast .	7.180409908294678	Maria thinks about herself covering a cast .	6.8225998878479	correct
Richard thought about himself lived in this whale .	6.373170852661133	Richard thought about himself living in this whale .	6.112529754638672	correct
Laura thought about herself lived in this whale .	7.413414478302002	Laura thought about herself living in this whale .	6.805215358734131	correct
Richard thought about himself stands this whale .	7.696261882781982	Richard thought about himself standing this whale .	6.874748706817627	correct
Laura thought about herself stands this whale .	8.740541458129883	Laura thought about herself standing this whale .	8.110634803771973	correct
Mark must think about himself moved the dinner .	8.09903621673584	Mark must think about himself moving the dinner .	7.316221714019775	correct
Sarah must think about herself moved the dinner .	7.761470317840576	Sarah must think about herself moving the dinner .	7.1222076416015625	correct
Mark must think about himself turns the dinner .	7.535574436187744	Mark must think about himself turning the dinner .	7.238605499267578	correct
Sarah must think about herself turns the dinner .	7.251687049865723	Sarah must think about herself turning the dinner .	6.841966152191162	correct
Allen thinks about himself lived in some book .	7.2595038414001465	Allen thinks about himself living in some book .	7.0076446533203125	correct
Anne thinks about herself lived in some book .	7.33012056350708	Anne thinks about herself living in some book .	6.827232360839844	correct
Allen thinks about himself records some book .	9.417015075683594	Allen thinks about himself recording some book .	8.350126266479492	correct
Anne thinks about herself records some book .	8.989703178405762	Anne thinks about herself recording some book .	7.9021501541137695	correct
Gregory thinks about himself served this home .	8.350970268249512	Gregory thinks about himself serving this home .	7.963954448699951	correct
Anne thinks about herself served this home .	8.340914726257324	Anne thinks about herself serving this home .	8.063986778259277	correct
Gregory thinks about himself moves this home .	8.382146835327148	Gregory thinks about himself moving this home .	7.654358863830566	correct
Anne thinks about herself moves this home .	8.57923412322998	Anne thinks about herself moving this home .	7.7164106369018555	correct
Carter thinks about himself served the baby .	7.9243388175964355	Carter thinks about himself serving the baby .	7.607761383056641	correct
Sarah thinks about herself served the baby .	7.845831871032715	Sarah thinks about herself serving the baby .	7.254576683044434	correct
Carter thinks about himself takes the baby .	7.794831275939941	Carter thinks about himself taking the baby .	7.165346622467041	correct
Sarah thinks about herself takes the baby .	7.387627601623535	Sarah thinks about herself taking the baby .	6.7601704597473145	correct
Donald must not think about himself read a stadium .	7.302059650421143	Donald must not think about himself reading a stadium .	6.879167079925537	correct
Sarah must not think about herself read a stadium .	6.839019775390625	Sarah must not think about herself reading a stadium .	6.569668769836426	correct
Donald must not think about himself gets a stadium .	7.120481967926025	Donald must not think about himself getting a stadium .	6.477143287658691	correct
Sarah must not think about herself gets a stadium .	7.067060947418213	Sarah must not think about herself getting a stadium .	6.43939208984375	correct
Philip must think about himself covered some color .	7.57185697555542	Philip must think about himself covering some color .	7.734127521514893	incorrect
Laura must think about herself covered some color .	7.202310085296631	Laura must think about herself covering some color .	7.236588478088379	incorrect
Philip must think about himself calls some color .	8.156907081604004	Philip must think about himself calling some color .	7.493614196777344	correct
Laura must think about herself calls some color .	7.843339920043945	Laura must think about herself calling some color .	6.961302280426025	correct
Richard thought about himself tried the cast .	6.789004325866699	Richard thought about himself trying the cast .	6.676138877868652	correct
Sarah thought about herself tried the cast .	7.808560848236084	Sarah thought about herself trying the cast .	7.558792591094971	correct
Richard thought about himself tests the cast .	7.340774059295654	Richard thought about himself testing the cast .	6.967657566070557	correct
Sarah thought about herself tests the cast .	8.24374771118164	Sarah thought about herself testing the cast .	7.750485897064209	correct
Roger must think about himself put away this movie .	7.433346271514893	Roger must think about himself putting away this movie .	7.3959784507751465	correct
Maria must think about herself put away this movie .	6.4619140625	Maria must think about herself putting away this movie .	6.59750509262085	incorrect
Roger must think about himself calls this movie .	7.9922943115234375	Roger must think about himself calling this movie .	7.530663967132568	correct
Maria must think about herself calls this movie .	7.307442665100098	Maria must think about herself calling this movie .	6.7501420974731445	correct
Donald thinks about himself called this plan .	8.109408378601074	Donald thinks about himself calling this plan .	8.235875129699707	incorrect
Maria thinks about herself called this plan .	7.6055588722229	Maria thinks about herself calling this plan .	7.560713768005371	correct
Donald thinks about himself shows off this plan .	7.968748092651367	Donald thinks about himself showing off this plan .	7.273360729217529	correct
Maria thinks about herself shows off this plan .	7.371618747711182	Maria thinks about herself showing off this plan .	6.76525354385376	correct
Bill did not think about himself covered this whale .	6.285550594329834	Bill did not think about himself covering this whale .	6.55364465713501	incorrect
Bill did not think about himself starts this whale .	7.184267044067383	Bill did not think about himself starting this whale .	6.711113929748535	correct
Sarah did not think about herself starts this whale .	7.278651714324951	Sarah did not think about herself starting this whale .	6.764840602874756	correct
Taylor did not think about himself put away the lady .	5.731158256530762	Taylor did not think about himself putting away the lady .	5.710439682006836	correct
Anne did not think about herself put away the lady .	5.943645477294922	Anne did not think about herself putting away the lady .	5.908189296722412	correct
Taylor did not think about himself changes the lady .	6.378040790557861	Taylor did not think about himself changing the lady .	5.870849609375	correct
Anne did not think about herself changes the lady .	6.664015293121338	Anne did not think about herself changing the lady .	6.3446478843688965	correct
Chris thinks about himself set up some media .	7.464282512664795	Chris thinks about himself setting up some media .	7.458348751068115	correct
Sarah thinks about herself set up some media .	7.258640766143799	Sarah thinks about herself setting up some media .	7.321150779724121	incorrect
Chris thinks about himself changes some media .	8.300346374511719	Chris thinks about himself changing some media .	7.821999549865723	correct
Sarah thinks about herself changes some media .	8.539125442504883	Sarah thinks about herself changing some media .	7.736691951751709	correct
Ben thinks about himself set up some lady .	7.407842636108398	Ben thinks about himself setting up some lady .	7.625121593475342	incorrect
Sarah thinks about herself set up some lady .	6.934279441833496	Sarah thinks about herself setting up some lady .	7.001063346862793	incorrect
Ben thinks about himself moves some lady .	8.824405670166016	Ben thinks about himself moving some lady .	7.941542148590088	correct
Sarah thinks about herself moves some lady .	8.336294174194336	Sarah thinks about herself moving some lady .	7.498943328857422	correct
Simon thinks about himself moved that stand .	8.52894115447998	Simon thinks about himself moving that stand .	7.890894412994385	correct
Maria thinks about herself moved that stand .	7.505343437194824	Maria thinks about herself moving that stand .	6.885561943054199	correct
Simon thinks about himself makes that stand .	7.775900840759277	Simon thinks about himself making that stand .	7.1895527839660645	correct
Maria thinks about herself makes that stand .	7.0184326171875	Maria thinks about herself making that stand .	6.467418670654297	correct
Mark must think about himself ran to a lady .	7.212110996246338	Mark must think about himself running to a lady .	6.984912395477295	correct
Sarah must think about herself ran to a lady .	6.750251770019531	Sarah must think about herself running to a lady .	6.3423895835876465	correct
Mark must think about himself gets a lady .	7.195279598236084	Mark must think about himself getting a lady .	6.774159908294678	correct
Sarah must think about herself gets a lady .	6.891496181488037	Sarah must think about herself getting a lady .	6.425029277801514	correct
Bill could think about himself lived in a color .	6.522989273071289	Bill could think about himself living in a color .	6.274196624755859	correct
Anne could think about herself lived in a color .	6.717830181121826	Anne could think about herself living in a color .	6.283420562744141	correct
Bill could think about himself turns a color .	7.6025800704956055	Bill could think about himself turning a color .	6.975647926330566	correct
Anne could think about herself turns a color .	7.569040775299072	Anne could think about herself turning a color .	7.070425033569336	correct
Alexander must not think about himself served that dinner .	7.021949768066406	Alexander must not think about himself serving that dinner .	6.694133758544922	correct
Anne must not think about herself served that dinner .	7.373437404632568	Anne must not think about herself serving that dinner .	7.071361064910889	correct
Alexander must not think about himself moves that dinner .	7.386486053466797	Alexander must not think about himself moving that dinner .	6.632908821105957	correct
Anne must not think about herself moves that dinner .	7.686233043670654	Anne must not think about herself moving that dinner .	7.103772163391113	correct
Richard thought about himself moved the scale .	6.616460800170898	Richard thought about himself moving the scale .	5.819197654724121	correct
Sarah thought about herself moved the scale .	7.700011730194092	Sarah thought about herself moving the scale .	6.955672740936279	correct
Chris thought about himself read some media .	7.896052360534668	Chris thought about himself reading some media .	7.513975143432617	correct
Maria thought about herself read some media .	7.24277400970459	Maria thought about herself reading some media .	6.927402973175049	correct
Chris thought about himself plans some media .	8.95085620880127	Chris thought about himself planning some media .	8.430438995361328	correct
Maria thought about herself plans some media .	8.424985885620117	Maria thought about herself planning some media .	7.696882247924805	correct
Simon could think about himself covered a growth .	8.524479866027832	Simon could think about himself covering a growth .	8.60720157623291	incorrect
Maria could think about herself covered a growth .	7.597090721130371	Maria could think about herself covering a growth .	7.884871006011963	incorrect
Simon could think about himself gets a growth .	8.540389060974121	Simon could think about himself getting a growth .	7.981046199798584	correct
Maria could think about herself gets a growth .	7.906138896942139	Maria could think about herself getting a growth .	7.346243858337402	correct
Allen must not think about himself ran to this apple .	7.89789342880249	Allen must not think about himself running to this apple .	7.674727439880371	correct
Maria must not think about herself ran to this apple .	6.658070087432861	Maria must not think about herself running to this apple .	6.409013271331787	correct
Allen must not think about himself covers this apple .	8.059300422668457	Allen must not think about himself covering this apple .	7.948618412017822	correct
Maria must not think about herself covers this apple .	6.9606781005859375	Maria must not think about herself covering this apple .	6.722184658050537	correct
Mark did not think about himself put away some cabinet .	6.426158428192139	Mark did not think about himself putting away some cabinet .	6.401983737945557	correct
Anne did not think about herself put away some cabinet .	6.40258264541626	Anne did not think about herself putting away some cabinet .	6.361464977264404	correct
Mark did not think about himself gets some cabinet .	7.0595197677612305	Mark did not think about himself getting some cabinet .	6.462356090545654	correct
Anne did not think about herself gets some cabinet .	6.958416938781738	Anne did not think about herself getting some cabinet .	6.494569301605225	correct
Sam thinks about himself read some dance .	7.270889759063721	Sam thinks about himself reading some dance .	7.168047904968262	correct
Laura thinks about herself read some dance .	6.791091442108154	Laura thinks about herself reading some dance .	6.658636093139648	correct
Sam thinks about himself plans some dance .	8.901238441467285	Sam thinks about himself planning some dance .	8.141281127929688	correct
Laura thinks about herself plans some dance .	8.508338928222656	Laura thinks about herself planning some dance .	7.515566825866699	correct
Gregory did not think about himself called this bank .	6.866014003753662	Gregory did not think about himself calling this bank .	6.963243007659912	incorrect
Anne did not think about herself called this bank .	6.521994113922119	Anne did not think about herself calling this bank .	6.6922197341918945	incorrect
Chris thinks about himself ran to the person .	7.288938045501709	Chris thinks about himself running to the person .	6.822818756103516	correct
Laura thinks about herself ran to the person .	6.873056411743164	Laura thinks about herself running to the person .	6.355950355529785	correct
Allen thought about himself read some dance .	7.819211006164551	Allen thought about himself reading some dance .	7.757465839385986	correct
Sarah thought about herself read some dance .	6.827372074127197	Sarah thought about herself reading some dance .	6.7323713302612305	correct
Allen thought about himself takes some dance .	8.51181697845459	Allen thought about himself taking some dance .	8.03955364227295	correct
Sarah thought about herself takes some dance .	7.841456890106201	Sarah thought about herself taking some dance .	7.23105525970459	correct
Allen must think about himself moved that media .	9.134651184082031	Allen must think about himself moving that media .	8.63479232788086	correct
Anne must think about herself moved that media .	8.374204635620117	Anne must think about herself moving that media .	7.815321922302246	correct
Allen must think about himself calls that media .	8.9574556350708	Allen must think about himself calling that media .	8.684627532958984	correct
Anne must think about herself calls that media .	8.1876802444458	Anne must think about herself calling that media .	7.9080047607421875	correct
Donald did not think about himself served that couple .	7.13097620010376	Donald did not think about himself serving that couple .	6.8186869621276855	correct
Sarah did not think about herself served that couple .	6.90844202041626	Sarah did not think about herself serving that couple .	6.75152063369751	correct
Donald did not think about himself looks at that couple .	6.468092441558838	Donald did not think about himself looking at that couple .	5.691619873046875	correct
Sarah did not think about herself looks at that couple .	6.442474365234375	Sarah did not think about herself looking at that couple .	5.743117809295654	correct
Sam thought about himself served this scale .	8.064712524414062	Sam thought about himself serving this scale .	8.032889366149902	correct
Sarah thought about herself served this scale .	8.197332382202148	Sarah thought about herself serving this scale .	7.904991149902344	correct
Sam thought about himself depends this scale .	8.95918083190918	Sam thought about himself depending this scale .	8.892616271972656	correct
Sarah thought about herself depends this scale .	8.547334671020508	Sarah thought about herself depending this scale .	8.351011276245117	correct
Philip thought about himself set up this counter .	6.951389312744141	Philip thought about himself setting up this counter .	6.890300750732422	correct
Sarah thought about herself set up this counter .	6.714865684509277	Sarah thought about herself setting up this counter .	6.809380531311035	incorrect
Philip thought about himself takes this counter .	8.169076919555664	Philip thought about himself taking this counter .	7.387056827545166	correct
Sarah thought about herself takes this counter .	8.296825408935547	Sarah thought about herself taking this counter .	7.289079666137695	correct
Philip must not think about himself called an apple .	6.542468547821045	Philip must not think about himself calling an apple .	6.891412258148193	incorrect
Anne must not think about herself called an apple .	6.69906759262085	Anne must not think about herself calling an apple .	6.94173526763916	incorrect
Philip must not think about himself sees an apple .	6.938140869140625	Philip must not think about himself seeing an apple .	6.60971212387085	correct
Anne must not think about herself sees an apple .	6.7456254959106445	Anne must not think about herself seeing an apple .	6.813549041748047	incorrect
Henry must not think about himself put away a general .	5.784252643585205	Henry must not think about himself putting away a general .	5.730940341949463	correct
Sarah must not think about herself put away a general .	6.140476703643799	Sarah must not think about herself putting away a general .	6.153175354003906	incorrect
Henry must not think about himself goes to a general .	5.75860595703125	Henry must not think about himself going to a general .	5.273823261260986	correct
Sarah must not think about herself goes to a general .	6.177590370178223	Sarah must not think about herself going to a general .	5.725940704345703	correct
Simon must think about himself ran to this movie .	7.255561828613281	Simon must think about himself running to this movie .	7.068721294403076	correct
Laura must think about herself ran to this movie .	6.808858394622803	Laura must think about herself running to this movie .	6.5069580078125	correct
Simon must think about himself changes this movie .	7.539226055145264	Simon must think about himself changing this movie .	7.20430850982666	correct
Laura must think about herself changes this movie .	7.112791538238525	Laura must think about herself changing this movie .	6.725644111633301	correct
Bill could think about himself tried a general .	7.2900190353393555	Bill could think about himself trying a general .	7.17024564743042	correct
Maria could think about herself tried a general .	7.316130638122559	Maria could think about herself trying a general .	7.1091790199279785	correct
Bill could think about himself looks at a general .	6.725642681121826	Bill could think about himself looking at a general .	6.055724143981934	correct
Maria could think about herself looks at a general .	6.831550598144531	Maria could think about herself looking at a general .	6.154825687408447	correct
Chris could think about himself lived in that ball .	7.1753668785095215	Chris could think about himself living in that ball .	6.750373363494873	correct
Laura could think about herself lived in that ball .	6.530998706817627	Laura could think about herself living in that ball .	6.0409417152404785	correct
Chris could think about himself shows off that ball .	7.919364929199219	Chris could think about himself showing off that ball .	7.154174327850342	correct
Laura could think about herself shows off that ball .	7.776093482971191	Laura could think about herself showing off that ball .	6.596648216247559	correct
Obama must think about himself put away that label .	6.950130462646484	Obama must think about himself putting away that label .	7.006435394287109	incorrect
Anne must think about herself put away that label .	6.770565986633301	Anne must think about herself putting away that label .	6.893370151519775	incorrect
Obama must think about himself gets that label .	7.477880954742432	Obama must think about himself getting that label .	7.259008884429932	correct
Anne must think about herself gets that label .	7.455313682556152	Anne must think about herself getting that label .	7.268373966217041	correct
Thomas thought about himself moved some growth .	9.2479248046875	Thomas thought about himself moving some growth .	8.651493072509766	correct
Maria thought about herself moved some growth .	8.553590774536133	Maria thought about herself moving some growth .	7.823390007019043	correct
Thomas thought about himself goes to some growth .	7.921803951263428	Thomas thought about himself going to some growth .	7.339576721191406	correct
Maria thought about herself goes to some growth .	7.515213966369629	Maria thought about herself going to some growth .	6.771760940551758	correct
Taylor must think about himself tried some fuel .	7.833953857421875	Taylor must think about himself trying some fuel .	7.53922700881958	correct
Anne must think about herself tried some fuel .	7.833860874176025	Anne must think about herself trying some fuel .	7.555771827697754	correct
Taylor must think about himself plans some fuel .	8.626764297485352	Taylor must think about himself planning some fuel .	7.9753098487854	correct
Anne must think about herself plans some fuel .	8.283191680908203	Anne must think about herself planning some fuel .	7.7094292640686035	correct
John must think about himself tried a picture .	7.012589931488037	John must think about himself trying a picture .	6.574431419372559	correct
Anne must think about herself tried a picture .	7.038580894470215	Anne must think about herself trying a picture .	6.644693851470947	correct
John must think about himself makes a picture .	6.594357490539551	John must think about himself making a picture .	6.056124687194824	correct
Anne must think about herself makes a picture .	6.39832067489624	Anne must think about herself making a picture .	6.113215446472168	correct
Robert must not think about himself moved a ball .	7.1071295738220215	Robert must not think about himself moving a ball .	6.483494281768799	correct
Sarah must not think about herself moved a ball .	6.8332438468933105	Sarah must not think about herself moving a ball .	6.264266490936279	correct
Robert must not think about himself gets a ball .	6.682840824127197	Robert must not think about himself getting a ball .	6.180227756500244	correct
Sarah must not think about herself gets a ball .	6.41677713394165	Sarah must not think about herself getting a ball .	5.911550998687744	correct
Louis could think about himself ran to some stand .	6.989810943603516	Louis could think about himself running to some stand .	6.642035961151123	correct
Sarah could think about herself ran to some stand .	7.109109401702881	Sarah could think about herself running to some stand .	6.727414131164551	correct
Louis could think about himself shows off some stand .	7.693103313446045	Louis could think about himself showing off some stand .	6.920352458953857	correct
Sarah could think about herself shows off some stand .	7.867724895477295	Sarah could think about herself showing off some stand .	7.0015153884887695	correct
Louis thought about himself read that camera .	6.10752010345459	Louis thought about himself reading that camera .	5.618948936462402	correct
Sarah thought about herself read that camera .	6.687043190002441	Sarah thought about herself reading that camera .	6.339606761932373	correct
Louis thought about himself depends that camera .	7.86108922958374	Louis thought about himself depending that camera .	7.699873447418213	correct
Sarah thought about herself depends that camera .	8.261909484863281	Sarah thought about herself depending that camera .	7.9883036613464355	correct
Obama must think about himself put away the movie .	6.575092792510986	Obama must think about himself putting away the movie .	6.628963470458984	incorrect
Maria must think about herself put away the movie .	6.080995082855225	Maria must think about herself putting away the movie .	6.171422004699707	incorrect
Obama must think about himself turns the movie .	7.008125305175781	Obama must think about himself turning the movie .	6.734906196594238	correct
Maria must think about herself turns the movie .	6.724483013153076	Maria must think about herself turning the movie .	6.352016925811768	correct
William must think about himself covered some hill .	7.575418472290039	William must think about himself covering some hill .	7.840244770050049	incorrect
Laura must think about herself covered some hill .	7.809924602508545	Laura must think about herself covering some hill .	7.973045825958252	incorrect
Philip must not think about himself read some dance .	6.743142604827881	Philip must not think about himself reading some dance .	6.5926055908203125	correct
Sarah must not think about herself read some dance .	6.322378635406494	Sarah must not think about herself reading some dance .	6.268913745880127	correct
Philip must not think about himself changes some dance .	7.487576961517334	Philip must not think about himself changing some dance .	7.109496593475342	correct
Sarah must not think about herself changes some dance .	7.2961649894714355	Sarah must not think about herself changing some dance .	6.816941738128662	correct
Louis did not think about himself ran to that valley .	5.839861869812012	Louis did not think about himself running to that valley .	5.606329441070557	correct
Sarah did not think about herself ran to that valley .	6.3706817626953125	Sarah did not think about herself running to that valley .	6.0578227043151855	correct
Louis did not think about himself sees that valley .	6.334229469299316	Louis did not think about himself seeing that valley .	5.928642272949219	correct
Sarah did not think about herself sees that valley .	7.021091461181641	Sarah did not think about herself seeing that valley .	6.5416741371154785	correct
Roger must think about himself ran to that general .	7.849368095397949	Roger must think about himself running to that general .	7.553352355957031	correct
Maria must think about herself ran to that general .	6.994565486907959	Maria must think about herself running to that general .	6.674665927886963	correct
Chris could think about himself tried the ball .	7.427680015563965	Chris could think about himself trying the ball .	7.310122966766357	correct
Maria could think about herself tried the ball .	7.236800193786621	Maria could think about herself trying the ball .	7.175464153289795	correct
Chris could think about himself sees the ball .	7.335451126098633	Chris could think about himself seeing the ball .	7.044018268585205	correct
Maria could think about herself sees the ball .	7.0956950187683105	Maria could think about herself seeing the ball .	6.810553073883057	correct
Taylor could think about himself ran to the cabinet .	6.716246128082275	Taylor could think about himself running to the cabinet .	6.5239176750183105	correct
Anne could think about herself ran to the cabinet .	6.537008762359619	Anne could think about herself running to the cabinet .	6.259990692138672	correct
Taylor could think about himself moves the cabinet .	7.694905757904053	Taylor could think about himself moving the cabinet .	6.891201972961426	correct
Anne could think about herself moves the cabinet .	7.52797269821167	Anne could think about herself moving the cabinet .	6.890807151794434	correct
Mark must not think about himself called that mirror .	6.957616329193115	Mark must not think about himself calling that mirror .	7.087459564208984	incorrect
Sarah must not think about herself called that mirror .	6.528855800628662	Sarah must not think about herself calling that mirror .	6.447579860687256	correct
Mark must not think about himself looks at that mirror .	6.544264316558838	Mark must not think about himself looking at that mirror .	5.813813209533691	correct
Sarah must not think about herself looks at that mirror .	6.3668060302734375	Sarah must not think about herself looking at that mirror .	5.471790313720703	correct
Obama thought about himself read that whale .	7.622354984283447	Obama thought about himself reading that whale .	7.379042625427246	correct
Sarah thought about herself read that whale .	7.337996482849121	Sarah thought about herself reading that whale .	7.162924289703369	correct
Obama thought about himself covers that whale .	8.297856330871582	Obama thought about himself covering that whale .	7.933839797973633	correct
Sarah thought about herself covers that whale .	8.52084732055664	Sarah thought about herself covering that whale .	7.927209854125977	correct
Edward could think about himself ran to that tradition .	7.064518928527832	Edward could think about himself running to that tradition .	6.8283371925354	correct
Sarah could think about herself ran to that tradition .	7.179051876068115	Sarah could think about herself running to that tradition .	6.7572021484375	correct
Edward could think about himself covers that tradition .	7.378052711486816	Edward could think about himself covering that tradition .	7.266141414642334	correct
Sarah could think about herself covers that tradition .	7.78462553024292	Sarah could think about herself covering that tradition .	7.371936321258545	correct
Roger thought about himself covered that person .	7.713003635406494	Roger thought about himself covering that person .	7.655731201171875	correct
Maria thought about herself covered that person .	6.906872749328613	Maria thought about herself covering that person .	7.060835361480713	incorrect
Roger thought about himself depends that person .	8.375760078430176	Roger thought about himself depending that person .	8.261184692382812	correct
Maria thought about herself depends that person .	7.855965614318848	Maria thought about herself depending that person .	7.524007320404053	correct
Allen must think about himself lived in a sky .	7.207704067230225	Allen must think about himself living in a sky .	6.937503337860107	correct
Laura must think about herself lived in a sky .	6.469134330749512	Laura must think about herself living in a sky .	6.005242347717285	correct
Allen must think about himself shows off a sky .	8.631461143493652	Allen must think about himself showing off a sky .	8.013994216918945	correct
Laura must think about herself shows off a sky .	7.962515830993652	Laura must think about herself showing off a sky .	7.048099040985107	correct
Bill must think about himself set up that guess .	6.8909125328063965	Bill must think about himself setting up that guess .	6.874364376068115	correct
Maria must think about herself set up that guess .	6.561133861541748	Maria must think about herself setting up that guess .	6.571598052978516	incorrect
Bill must think about himself calls that guess .	7.987093448638916	Bill must think about himself calling that guess .	7.583523750305176	correct
Maria must think about herself calls that guess .	7.531940937042236	Maria must think about herself calling that guess .	7.00480318069458	correct
Edward must think about himself set up the hill .	5.515900135040283	Edward must think about himself setting up the hill .	5.511972427368164	correct
Maria must think about herself set up the hill .	5.771315097808838	Maria must think about herself setting up the hill .	5.841552257537842	incorrect
Edward must think about himself starts the hill .	6.623570442199707	Edward must think about himself starting the hill .	6.131000518798828	correct
Maria must think about herself starts the hill .	7.301738262176514	Maria must think about herself starting the hill .	6.664304733276367	correct
Richard could think about himself served that cast .	7.565582275390625	Richard could think about himself serving that cast .	7.27890682220459	correct
Maria could think about herself served that cast .	8.080822944641113	Maria could think about herself serving that cast .	7.79364538192749	correct
Richard could think about himself turns that cast .	7.574008464813232	Richard could think about himself turning that cast .	6.842315673828125	correct
Maria could think about herself turns that cast .	8.08486557006836	Maria could think about herself turning that cast .	7.381558895111084	correct
Alexander must not think about himself lived in this couple .	6.5475993156433105	Alexander must not think about himself living in this couple .	6.40927267074585	correct
Maria must not think about herself lived in this couple .	6.418365001678467	Maria must not think about herself living in this couple .	6.110238075256348	correct
Alexander must not think about himself makes this couple .	7.337785243988037	Alexander must not think about himself making this couple .	7.037525177001953	correct
Maria must not think about herself makes this couple .	7.238429546356201	Maria must not think about herself making this couple .	6.866008758544922	correct
Thomas must not think about himself moved this dinner .	7.387539863586426	Thomas must not think about himself moving this dinner .	6.827130317687988	correct
Sarah must not think about herself moved this dinner .	7.369069576263428	Sarah must not think about herself moving this dinner .	6.921046733856201	correct
Thomas must not think about himself starts this dinner .	7.052735805511475	Thomas must not think about himself starting this dinner .	6.7043046951293945	correct
Sarah must not think about herself starts this dinner .	7.257339000701904	Sarah must not think about herself starting this dinner .	6.739068508148193	correct
Louis thinks about himself covered some picture .	7.346688747406006	Louis thinks about himself covering some picture .	7.116523265838623	correct
Maria thinks about herself covered some picture .	7.277819633483887	Maria thinks about herself covering some picture .	7.09924840927124	correct
Louis thinks about himself studies some picture .	8.00252914428711	Louis thinks about himself studying some picture .	7.168576240539551	correct
Maria thinks about herself studies some picture .	7.875921249389648	Maria thinks about herself studying some picture .	7.153018951416016	correct
Donald could think about himself tried this bet .	7.380956649780273	Donald could think about himself trying this bet .	7.28636360168457	correct
Sarah could think about herself tried this bet .	7.2738037109375	Sarah could think about herself trying this bet .	7.111184120178223	correct
Donald could think about himself sees this bet .	7.673123836517334	Donald could think about himself seeing this bet .	6.999520301818848	correct
Sarah could think about herself sees this bet .	7.327723026275635	Sarah could think about herself seeing this bet .	6.870062351226807	correct
Richard thinks about himself tried that apple .	7.046510219573975	Richard thinks about himself trying that apple .	6.952471733093262	correct
Sarah thinks about herself tried that apple .	8.217489242553711	Sarah thinks about herself trying that apple .	7.757574558258057	correct
Richard thinks about himself turns that apple .	7.148743629455566	Richard thinks about himself turning that apple .	6.662935256958008	correct
Sarah thinks about herself turns that apple .	8.228017807006836	Sarah thinks about herself turning that apple .	7.473130226135254	correct
Louis must think about himself put away some lady .	6.283085346221924	Louis must think about himself putting away some lady .	6.288107872009277	incorrect
Laura must think about herself put away some lady .	6.402647972106934	Laura must think about herself putting away some lady .	6.518967151641846	incorrect
Louis must think about himself looks at some lady .	6.510478496551514	Louis must think about himself looking at some lady .	5.751606464385986	correct
Laura must think about herself looks at some lady .	6.778375625610352	Laura must think about herself looking at some lady .	5.948258399963379	correct
Alexander must not think about himself read a truck .	6.714084625244141	Alexander must not think about himself reading a truck .	6.513999938964844	correct
Sarah must not think about herself read a truck .	6.45344877243042	Sarah must not think about herself reading a truck .	6.187501907348633	correct
Alexander must not think about himself depends a truck .	7.547290325164795	Alexander must not think about himself depending a truck .	7.1046061515808105	correct
Sarah must not think about herself depends a truck .	7.469841957092285	Sarah must not think about herself depending a truck .	6.898866176605225	correct
John thought about himself put away the clock .	5.913649559020996	John thought about himself putting away the clock .	5.94891881942749	incorrect
Laura thought about herself put away the clock .	5.987121105194092	Laura thought about herself putting away the clock .	6.153040885925293	incorrect
John thought about himself moves the clock .	7.086484909057617	John thought about himself moving the clock .	6.014923572540283	correct
Laura thought about herself moves the clock .	7.446458339691162	Laura thought about herself moving the clock .	6.423668384552002	correct
Thomas must not think about himself called the stand .	6.501411437988281	Thomas must not think about himself calling the stand .	6.766626834869385	incorrect
Maria must not think about herself called the stand .	6.38229513168335	Maria must not think about herself calling the stand .	6.471824645996094	incorrect
Carter could think about himself set up this drop .	8.061866760253906	Carter could think about himself setting up this drop .	8.171882629394531	incorrect
Laura could think about herself set up this drop .	6.80935001373291	Laura could think about herself setting up this drop .	6.984588623046875	incorrect
Carter could think about himself records this drop .	9.516389846801758	Carter could think about himself recording this drop .	9.00090503692627	correct
Laura could think about herself records this drop .	8.484294891357422	Laura could think about herself recording this drop .	7.598352432250977	correct
Mark thought about himself ran to that movie .	7.564833164215088	Mark thought about himself running to that movie .	7.234834671020508	correct
Maria thought about herself ran to that movie .	6.958128452301025	Maria thought about herself running to that movie .	6.4430928230285645	correct
Mark thought about himself takes that movie .	8.25628662109375	Mark thought about himself taking that movie .	7.386838912963867	correct
Maria thought about herself takes that movie .	7.745563507080078	Maria thought about herself taking that movie .	6.819596767425537	correct
Obama did not think about himself covered the camera .	5.875546932220459	Obama did not think about himself covering the camera .	5.8489227294921875	correct
Laura did not think about herself covered the camera .	5.534258842468262	Laura did not think about herself covering the camera .	5.70733118057251	incorrect
Donald did not think about himself set up this sky .	6.413394451141357	Donald did not think about himself setting up this sky .	6.254162311553955	correct
Maria did not think about herself set up this sky .	5.793468475341797	Maria did not think about herself setting up this sky .	5.8627028465271	incorrect
Donald did not think about himself takes this sky .	7.225611209869385	Donald did not think about himself taking this sky .	6.412118911743164	correct
Maria did not think about herself takes this sky .	6.7888312339782715	Maria did not think about herself taking this sky .	6.158318996429443	correct
Roger did not think about himself put away a cabinet .	6.422807693481445	Roger did not think about himself putting away a cabinet .	6.272233963012695	correct
Sarah did not think about herself put away a cabinet .	5.831090927124023	Sarah did not think about herself putting away a cabinet .	5.818952560424805	correct
Roger did not think about himself gets a cabinet .	6.796233654022217	Roger did not think about himself getting a cabinet .	6.326242923736572	correct
Sarah did not think about herself gets a cabinet .	6.564961910247803	Sarah did not think about herself getting a cabinet .	5.974551677703857	correct
Joseph thinks about himself set up the dance .	7.241192817687988	Joseph thinks about himself setting up the dance .	7.24983549118042	incorrect
Laura thinks about herself set up the dance .	6.053349494934082	Laura thinks about herself setting up the dance .	6.478367805480957	incorrect
Joseph thinks about himself turns the dance .	7.910488605499268	Joseph thinks about himself turning the dance .	7.7450103759765625	correct
Laura thinks about herself turns the dance .	6.935402870178223	Laura thinks about herself turning the dance .	6.483854293823242	correct
Robert thought about himself covered the guess .	6.989760398864746	Robert thought about himself covering the guess .	7.179102420806885	incorrect
Laura thought about herself covered the guess .	7.222046375274658	Laura thought about herself covering the guess .	7.676242828369141	incorrect
Robert thought about himself makes the guess .	7.326119422912598	Robert thought about himself making the guess .	6.705604553222656	correct
Laura thought about herself makes the guess .	7.496410369873047	Laura thought about herself making the guess .	7.043619632720947	correct
Mark could think about himself ran to some color .	7.977474689483643	Mark could think about himself running to some color .	7.691855430603027	correct
Laura could think about herself ran to some color .	7.34002161026001	Laura could think about herself running to some color .	7.009459495544434	correct
Mark could think about himself turns some color .	8.333633422851562	Mark could think about himself turning some color .	7.644956111907959	correct
Laura could think about herself turns some color .	7.454673767089844	Laura could think about herself turning some color .	6.6416215896606445	correct
Ben could think about himself covered a valley .	7.613002777099609	Ben could think about himself covering a valley .	7.8190155029296875	incorrect
Laura could think about herself covered a valley .	7.4532976150512695	Laura could think about herself covering a valley .	7.664890289306641	incorrect
Ben could think about himself records a valley .	8.72665023803711	Ben could think about himself recording a valley .	8.185307502746582	correct
Laura could think about herself records a valley .	8.639996528625488	Laura could think about herself recording a valley .	7.810000419616699	correct
Michael must think about himself covered this bet .	6.750642776489258	Michael must think about himself covering this bet .	6.9158196449279785	incorrect
Sarah must think about herself covered this bet .	6.9912285804748535	Sarah must think about herself covering this bet .	7.186470031738281	incorrect
Michael must think about himself starts this bet .	7.180182456970215	Michael must think about himself starting this bet .	6.610813140869141	correct
Sarah must think about herself starts this bet .	7.701285362243652	Sarah must think about herself starting this bet .	6.907235622406006	correct
Michael did not think about himself served that memory .	6.362301826477051	Michael did not think about himself serving that memory .	6.175186634063721	correct
Sarah did not think about herself served that memory .	6.86493444442749	Sarah did not think about herself serving that memory .	6.725793361663818	correct
Michael did not think about himself starts that memory .	6.768643856048584	Michael did not think about himself starting that memory .	6.331484794616699	correct
Sarah did not think about herself starts that memory .	7.302440166473389	Sarah did not think about herself starting that memory .	6.664956569671631	correct
Richard must think about himself moved that bear .	6.915541172027588	Richard must think about himself moving that bear .	6.26039457321167	correct
Maria must think about herself moved that bear .	7.4611968994140625	Maria must think about herself moving that bear .	6.745991230010986	correct
Richard must think about himself takes that bear .	6.846864223480225	Richard must think about himself taking that bear .	6.06353235244751	correct
Maria must think about herself takes that bear .	7.4468817710876465	Maria must think about herself taking that bear .	6.741584777832031	correct
Allen must not think about himself moved the boom .	8.120078086853027	Allen must not think about himself moving the boom .	7.534947395324707	correct
Anne must not think about herself moved the boom .	7.537631511688232	Anne must not think about herself moving the boom .	6.97430419921875	correct
Allen must not think about himself covers the boom .	7.9570441246032715	Allen must not think about himself covering the boom .	7.851383209228516	correct
Anne must not think about herself covers the boom .	7.320046901702881	Anne must not think about herself covering the boom .	7.273373603820801	correct
Allen thought about himself set up some cabinet .	7.543196678161621	Allen thought about himself setting up some cabinet .	7.665926456451416	incorrect
Maria thought about herself set up some cabinet .	6.637600421905518	Maria thought about herself setting up some cabinet .	6.755588531494141	incorrect
Allen thought about himself moves some cabinet .	9.075957298278809	Allen thought about himself moving some cabinet .	8.389339447021484	correct
Maria thought about herself moves some cabinet .	8.484886169433594	Maria thought about herself moving some cabinet .	7.379110336303711	correct
Philip did not think about himself served the cast .	6.82220458984375	Philip did not think about himself serving the cast .	6.4950785636901855	correct
Sarah did not think about herself served the cast .	6.60296106338501	Sarah did not think about herself serving the cast .	6.280848979949951	correct
Philip did not think about himself goes to the cast .	6.1378326416015625	Philip did not think about himself going to the cast .	5.605933666229248	correct
Sarah did not think about herself goes to the cast .	5.901400566101074	Sarah did not think about herself going to the cast .	5.32432746887207	correct
Chris did not think about himself covered that mirror .	6.402759552001953	Chris did not think about himself covering that mirror .	6.536666393280029	incorrect
Laura did not think about herself covered that mirror .	5.948177814483643	Laura did not think about herself covering that mirror .	6.178526401519775	incorrect
Chris did not think about himself changes that mirror .	6.676751136779785	Chris did not think about himself changing that mirror .	6.189220428466797	correct
Laura did not think about herself changes that mirror .	6.327417373657227	Laura did not think about herself changing that mirror .	5.854547500610352	correct
Donald thinks about himself moved a bear .	7.647638320922852	Donald thinks about himself moving a bear .	6.917288780212402	correct
Maria thinks about herself moved a bear .	7.2770915031433105	Maria thinks about herself moving a bear .	6.546500205993652	correct
Donald thinks about himself turns a bear .	7.662783145904541	Donald thinks about himself turning a bear .	7.027364253997803	correct
Maria thinks about herself turns a bear .	7.353085041046143	Maria thinks about herself turning a bear .	6.532716274261475	correct
Robert thinks about himself covered a clock .	6.926427841186523	Robert thinks about himself covering a clock .	6.7359490394592285	correct
Laura thinks about herself covered a clock .	6.931682586669922	Laura thinks about herself covering a clock .	6.8732476234436035	correct
Robert thinks about himself shows off a clock .	7.023674011230469	Robert thinks about himself showing off a clock .	6.377923011779785	correct
Laura thinks about herself shows off a clock .	7.268877029418945	Laura thinks about herself showing off a clock .	6.297783851623535	correct
Philip thinks about himself set up this media .	7.812797546386719	Philip thinks about himself setting up this media .	7.884348392486572	incorrect
Anne thinks about herself set up this media .	7.944549560546875	Anne thinks about herself setting up this media .	8.143965721130371	incorrect
Philip thinks about himself goes to this media .	7.846556186676025	Philip thinks about himself going to this media .	7.4256463050842285	correct
Anne thinks about herself goes to this media .	7.753662109375	Anne thinks about herself going to this media .	7.530154705047607	correct
Joseph must not think about himself read the label .	6.919579982757568	Joseph must not think about himself reading the label .	6.819700241088867	correct
Sarah must not think about herself read the label .	6.066295146942139	Sarah must not think about herself reading the label .	5.9182515144348145	correct
Joseph must not think about himself starts the label .	7.696102619171143	Joseph must not think about himself starting the label .	7.229318141937256	correct
Sarah must not think about herself starts the label .	7.230690002441406	Sarah must not think about herself starting the label .	6.503060340881348	correct
Allen must not think about himself covered a clock .	7.579336643218994	Allen must not think about himself covering a clock .	7.541243076324463	correct
Sarah must not think about herself covered a clock .	6.596499919891357	Sarah must not think about herself covering a clock .	6.560512065887451	correct
Allen must not think about himself depends a clock .	8.297537803649902	Allen must not think about himself depending a clock .	7.868283271789551	correct
Sarah must not think about herself depends a clock .	7.186275482177734	Sarah must not think about herself depending a clock .	6.612881660461426	correct
John did not think about himself set up that picture .	5.531446933746338	John did not think about himself setting up that picture .	5.503477573394775	correct
Laura did not think about herself set up that picture .	5.507689952850342	Laura did not think about herself setting up that picture .	5.5051140785217285	correct
John did not think about himself plans that picture .	7.030887126922607	John did not think about himself planning that picture .	6.1065473556518555	correct
Laura did not think about herself plans that picture .	6.814640522003174	Laura did not think about herself planning that picture .	5.873289108276367	correct
Sam could think about himself put away the baby .	6.04263162612915	Sam could think about himself putting away the baby .	6.021361351013184	correct
Laura could think about herself put away the baby .	5.707914352416992	Laura could think about herself putting away the baby .	5.771228790283203	incorrect
Sam could think about himself depends the baby .	7.596981048583984	Sam could think about himself depending the baby .	7.340917110443115	correct
Laura could think about herself depends the baby .	7.232876300811768	Laura could think about herself depending the baby .	6.952271461486816	correct
Joseph thought about himself ran to some game .	8.123764991760254	Joseph thought about himself running to some game .	7.747080326080322	correct
Laura thought about herself ran to some game .	7.964350700378418	Laura thought about herself running to some game .	7.622592926025391	correct
Joseph thought about himself turns some game .	8.60619831085205	Joseph thought about himself turning some game .	8.082437515258789	correct
Laura thought about herself turns some game .	8.453468322753906	Laura thought about herself turning some game .	7.729238033294678	correct
Allen thought about himself moved this tradition .	8.44975757598877	Allen thought about himself moving this tradition .	7.800692558288574	correct
Sarah thought about herself moved this tradition .	8.055971145629883	Sarah thought about herself moving this tradition .	7.5369791984558105	correct
Allen thought about himself covers this tradition .	8.105952262878418	Allen thought about himself covering this tradition .	7.950121879577637	correct
Sarah thought about herself covers this tradition .	7.730580806732178	Sarah thought about herself covering this tradition .	7.373658180236816	correct
Alexander must not think about himself covered this general .	6.934396266937256	Alexander must not think about himself covering this general .	6.9961700439453125	incorrect
Anne must not think about herself covered this general .	7.286679267883301	Anne must not think about herself covering this general .	7.334730625152588	incorrect
Alexander must not think about himself depends this general .	7.597939968109131	Alexander must not think about himself depending this general .	7.4652099609375	correct
Anne must not think about herself depends this general .	7.746147155761719	Anne must not think about herself depending this general .	7.49962854385376	correct
Obama thinks about himself served a guess .	7.495644569396973	Obama thinks about himself serving a guess .	7.290502071380615	correct
Sarah thinks about herself served a guess .	7.992931365966797	Sarah thinks about herself serving a guess .	7.535637855529785	correct
Obama thinks about himself looks at a guess .	6.85645055770874	Obama thinks about himself looking at a guess .	6.415311336517334	correct
Sarah thinks about herself looks at a guess .	7.203328609466553	Sarah thinks about herself looking at a guess .	6.47955846786499	correct
Mark thought about himself covered the color .	7.661877632141113	Mark thought about himself covering the color .	7.9769673347473145	incorrect
Anne thought about herself covered the color .	7.074519157409668	Anne thought about herself covering the color .	7.321593284606934	incorrect
Mark thought about himself plans the color .	9.18472957611084	Mark thought about himself planning the color .	7.903268814086914	correct
Anne thought about herself plans the color .	8.36349868774414	Anne thought about herself planning the color .	7.4022626876831055	correct
Ben could think about himself ran to this game .	6.822676181793213	Ben could think about himself running to this game .	6.657243728637695	correct
Anne could think about herself ran to this game .	6.903411865234375	Anne could think about herself running to this game .	6.630015850067139	correct
Ben could think about himself plans this game .	7.987339973449707	Ben could think about himself planning this game .	7.4222846031188965	correct
Anne could think about herself plans this game .	7.791253089904785	Anne could think about herself planning this game .	7.276730060577393	correct
Carter must think about himself put away some hill .	7.5074663162231445	Carter must think about himself putting away some hill .	7.728973388671875	incorrect
Sarah must think about herself put away some hill .	6.770117282867432	Sarah must think about herself putting away some hill .	7.006808757781982	incorrect
Carter must think about himself moves some hill .	8.771265029907227	Carter must think about himself moving some hill .	7.773123741149902	correct
Sarah must think about herself moves some hill .	7.998372554779053	Sarah must think about herself moving some hill .	7.152012348175049	correct
Philip could think about himself served the cast .	7.64638614654541	Philip could think about himself serving the cast .	7.378739356994629	correct
Laura could think about herself served the cast .	7.663299560546875	Laura could think about herself serving the cast .	7.262703895568848	correct
Philip could think about himself calls the cast .	7.907309532165527	Philip could think about himself calling the cast .	7.2517828941345215	correct
Laura could think about herself calls the cast .	7.971956253051758	Laura could think about herself calling the cast .	7.167200088500977	correct
Mark thought about himself tried that home .	8.07791805267334	Mark thought about himself trying that home .	7.851781845092773	correct
Anne thought about herself tried that home .	7.910974502563477	Anne thought about herself trying that home .	7.466221809387207	correct
Mark thought about himself starts that home .	8.806647300720215	Mark thought about himself starting that home .	7.673306465148926	correct
Anne thought about herself starts that home .	8.381811141967773	Anne thought about herself starting that home .	7.2661638259887695	correct
Robert must think about himself covered a procedure .	7.8813090324401855	Robert must think about himself covering a procedure .	7.677770137786865	correct
Sarah must think about herself covered a procedure .	7.6739959716796875	Sarah must think about herself covering a procedure .	7.509541988372803	correct
Robert must think about himself changes a procedure .	7.763269901275635	Robert must think about himself changing a procedure .	7.346154689788818	correct
Sarah must think about herself changes a procedure .	7.818446636199951	Sarah must think about herself changing a procedure .	7.129106521606445	correct
Henry thought about himself lived in the label .	6.012874603271484	Henry thought about himself living in the label .	5.5904927253723145	correct
Sarah thought about herself lived in the label .	6.844662666320801	Sarah thought about herself living in the label .	6.20443868637085	correct
Henry thought about himself records the label .	7.403622150421143	Henry thought about himself recording the label .	6.331977844238281	correct
Sarah thought about herself records the label .	8.279712677001953	Sarah thought about herself recording the label .	7.178499221801758	correct
Ben must not think about himself set up this access .	6.967480659484863	Ben must not think about himself setting up this access .	7.005001068115234	incorrect
Sarah must not think about herself set up this access .	6.5501227378845215	Sarah must not think about herself setting up this access .	6.5709686279296875	incorrect
Ben must not think about himself sees this access .	7.860842227935791	Ben must not think about himself seeing this access .	7.557986736297607	correct
Sarah must not think about herself sees this access .	7.217848300933838	Sarah must not think about herself seeing this access .	6.891509532928467	correct
Sam must not think about himself tried a color .	7.042756080627441	Sam must not think about himself trying a color .	6.716056823730469	correct
Sarah must not think about herself tried a color .	7.010863780975342	Sarah must not think about herself trying a color .	6.6786980628967285	correct
Sam must not think about himself takes a color .	6.964834690093994	Sam must not think about himself taking a color .	6.465339183807373	correct
Sarah must not think about herself takes a color .	6.860698223114014	Sarah must not think about herself taking a color .	6.347646236419678	correct
Michael must not think about himself put away a procedure .	6.124753475189209	Michael must not think about himself putting away a procedure .	6.132307529449463	incorrect
Laura must not think about herself put away a procedure .	6.288423538208008	Laura must not think about herself putting away a procedure .	6.321980953216553	incorrect
Michael must not think about himself takes a procedure .	6.841289043426514	Michael must not think about himself taking a procedure .	6.347104549407959	correct
Laura must not think about herself takes a procedure .	7.245262145996094	Laura must not think about herself taking a procedure .	6.572912693023682	correct
Chris must think about himself ran to a home .	6.948401927947998	Chris must think about himself running to a home .	6.67335844039917	correct
Laura must think about herself ran to a home .	6.69123649597168	Laura must think about herself running to a home .	6.354303359985352	correct
Chris must think about himself goes to a home .	6.420083522796631	Chris must think about himself going to a home .	6.086123943328857	correct
Laura must think about herself goes to a home .	6.082691192626953	Laura must think about herself going to a home .	5.806246280670166	correct
Michael must think about himself moved the home .	6.877358913421631	Michael must think about himself moving the home .	6.432827472686768	correct
Sarah must think about herself moved the home .	7.04650354385376	Sarah must think about herself moving the home .	6.68243932723999	correct
Michael must think about himself starts the home .	7.097172260284424	Michael must think about himself starting the home .	6.562739372253418	correct
Sarah must think about herself starts the home .	7.481240272521973	Sarah must think about herself starting the home .	6.649555683135986	correct
Allen could think about himself tried some night .	8.820001602172852	Allen could think about himself trying some night .	8.744820594787598	correct
Anne could think about herself tried some night .	7.9023590087890625	Anne could think about herself trying some night .	7.706501483917236	correct
Allen could think about himself gets some night .	8.685041427612305	Allen could think about himself getting some night .	8.181700706481934	correct
Anne could think about herself gets some night .	7.815471172332764	Anne could think about herself getting some night .	7.25539493560791	correct
Thomas did not think about himself covered that home .	6.675504207611084	Thomas did not think about himself covering that home .	6.83568811416626	incorrect
Maria did not think about herself covered that home .	6.033134460449219	Maria did not think about herself covering that home .	6.368058681488037	incorrect
Thomas did not think about himself makes that home .	6.7232489585876465	Thomas did not think about himself making that home .	6.268096923828125	correct
Maria did not think about herself makes that home .	6.164679527282715	Maria did not think about herself making that home .	5.713646411895752	correct
Allen must not think about himself moved this back .	7.714962959289551	Allen must not think about himself moving this back .	7.25734281539917	correct
Laura must not think about herself moved this back .	6.811122417449951	Laura must not think about herself moving this back .	6.185822486877441	correct
Joseph thinks about himself served a label .	8.480990409851074	Joseph thinks about himself serving a label .	8.032556533813477	correct
Anne thinks about herself served a label .	8.044313430786133	Anne thinks about herself serving a label .	7.584813117980957	correct
Joseph thinks about himself tests a label .	8.97938346862793	Joseph thinks about himself testing a label .	8.403512001037598	correct
Anne thinks about herself tests a label .	8.49081802368164	Anne thinks about herself testing a label .	8.130884170532227	correct
Roger did not think about himself moved the tradition .	6.8930583000183105	Roger did not think about himself moving the tradition .	6.519425868988037	correct
Maria did not think about herself moved the tradition .	6.3136138916015625	Maria did not think about herself moving the tradition .	5.9608683586120605	correct
Roger did not think about himself gets the tradition .	6.804045677185059	Roger did not think about himself getting the tradition .	6.42758321762085	correct
Maria did not think about herself gets the tradition .	6.342534065246582	Maria did not think about herself getting the tradition .	5.910733222961426	correct
Michael did not think about himself tried this clock .	5.881418704986572	Michael did not think about himself trying this clock .	5.831811428070068	correct
Anne did not think about herself tried this clock .	6.585118293762207	Anne did not think about herself trying this clock .	6.451912879943848	correct
Michael did not think about himself covers this clock .	6.033978462219238	Michael did not think about himself covering this clock .	5.7889275550842285	correct
Anne did not think about herself covers this clock .	6.460452556610107	Anne did not think about herself covering this clock .	6.3791961669921875	correct
Alexander must think about himself served the growth .	8.06132984161377	Alexander must think about himself serving the growth .	7.95861291885376	correct
Anne must think about herself served the growth .	7.9456915855407715	Anne must think about herself serving the growth .	7.851431846618652	correct
Alexander must think about himself moves the growth .	8.182168006896973	Alexander must think about himself moving the growth .	7.750407695770264	correct
Anne must think about herself moves the growth .	7.991279602050781	Anne must think about herself moving the growth .	7.654171466827393	correct
Taylor thinks about himself tried this access .	8.61703109741211	Taylor thinks about himself trying this access .	8.250225067138672	correct
Sarah thinks about herself tried this access .	8.66537857055664	Sarah thinks about herself trying this access .	8.162464141845703	correct
Taylor thinks about himself runs to this access .	8.19048023223877	Taylor thinks about himself running to this access .	7.717274188995361	correct
Sarah thinks about herself runs to this access .	7.882068157196045	Sarah thinks about herself running to this access .	7.438497066497803	correct
Joseph must think about himself covered this person .	7.645133972167969	Joseph must think about himself covering this person .	7.669708251953125	incorrect
Maria must think about herself covered this person .	6.573662757873535	Maria must think about herself covering this person .	6.681718826293945	incorrect
Joseph must think about himself makes this person .	7.685917854309082	Joseph must think about himself making this person .	7.2864580154418945	correct
Maria must think about herself makes this person .	6.879491329193115	Maria must think about herself making this person .	6.440024375915527	correct
Thomas must not think about himself ran to some mirror .	7.0706939697265625	Thomas must not think about himself running to some mirror .	6.859548568725586	correct
Laura must not think about herself ran to some mirror .	6.913082122802734	Laura must not think about herself running to some mirror .	6.573147773742676	correct
Thomas must not think about himself plans some mirror .	8.236133575439453	Thomas must not think about himself planning some mirror .	7.552748203277588	correct
Laura must not think about herself plans some mirror .	7.983371257781982	Laura must not think about herself planning some mirror .	7.04544734954834	correct
Donald thinks about himself ran to that rock .	7.333193302154541	Donald thinks about himself running to that rock .	6.841584205627441	correct
Sarah thinks about herself ran to that rock .	7.672285556793213	Sarah thinks about herself running to that rock .	6.990004062652588	correct
Donald thinks about himself stands that rock .	8.249224662780762	Donald thinks about himself standing that rock .	7.537853240966797	correct
Sarah thinks about herself stands that rock .	8.646097183227539	Sarah thinks about herself standing that rock .	8.033805847167969	correct
Sam could think about himself moved some plan .	7.749895095825195	Sam could think about himself moving some plan .	7.178877830505371	correct
Sarah could think about herself moved some plan .	7.628392696380615	Sarah could think about herself moving some plan .	7.282609939575195	correct
Sam could think about himself tests some plan .	8.027268409729004	Sam could think about himself testing some plan .	7.856271266937256	correct
Sarah could think about herself tests some plan .	7.926342487335205	Sarah could think about herself testing some plan .	7.606345176696777	correct
Gregory thinks about himself read that scale .	7.569997310638428	Gregory thinks about himself reading that scale .	7.210282325744629	correct
Sarah thinks about herself read that scale .	7.398105621337891	Sarah thinks about herself reading that scale .	7.015868663787842	correct
Gregory thinks about himself calls that scale .	8.440155029296875	Gregory thinks about himself calling that scale .	8.067840576171875	correct
Sarah thinks about herself calls that scale .	8.591440200805664	Sarah thinks about herself calling that scale .	7.960460186004639	correct
Mark must think about himself covered that couple .	7.904733657836914	Mark must think about himself covering that couple .	8.003642082214355	incorrect
Sarah must think about herself covered that couple .	7.46617317199707	Sarah must think about herself covering that couple .	7.581044673919678	incorrect
Mark must think about himself makes that couple .	7.873992919921875	Mark must think about himself making that couple .	7.676851272583008	correct
Sarah must think about herself makes that couple .	7.72568941116333	Sarah must think about herself making that couple .	7.262166500091553	correct
Allen did not think about himself served this boom .	7.418914794921875	Allen did not think about himself serving this boom .	7.331613063812256	correct
Sarah did not think about herself served this boom .	7.40951681137085	Sarah did not think about herself serving this boom .	7.065352916717529	correct
Allen did not think about himself looks at this boom .	6.500185489654541	Allen did not think about himself looking at this boom .	6.0377936363220215	correct
Sarah did not think about herself looks at this boom .	6.496033668518066	Sarah did not think about herself looking at this boom .	5.811636447906494	correct
Robert thought about himself tried this drop .	7.776713848114014	Robert thought about himself trying this drop .	7.558631896972656	correct
Anne thought about herself tried this drop .	8.043257713317871	Anne thought about herself trying this drop .	7.760849952697754	correct
Robert thought about himself turns this drop .	8.077906608581543	Robert thought about himself turning this drop .	7.193274021148682	correct
Anne thought about herself turns this drop .	8.215104103088379	Anne thought about herself turning this drop .	7.371443748474121	correct
Mark must think about himself put away that mirror .	6.917287349700928	Mark must think about himself putting away that mirror .	6.8801751136779785	correct
Sarah must think about herself put away that mirror .	6.485253810882568	Sarah must think about herself putting away that mirror .	6.629077434539795	incorrect
Mark must think about himself takes that mirror .	8.080009460449219	Mark must think about himself taking that mirror .	7.284001350402832	correct
Sarah must think about herself takes that mirror .	7.941009521484375	Sarah must think about herself taking that mirror .	6.958305835723877	correct
Carter must not think about himself lived in a camera .	6.763915538787842	Carter must not think about himself living in a camera .	6.575030326843262	correct
Laura must not think about herself lived in a camera .	5.959708213806152	Laura must not think about herself living in a camera .	5.483790874481201	correct
Carter must not think about himself goes to a camera .	6.932483673095703	Carter must not think about himself going to a camera .	6.638959884643555	correct
Laura must not think about herself goes to a camera .	6.013854503631592	Laura must not think about herself going to a camera .	5.6377387046813965	correct
Philip could think about himself put away the stadium .	6.770300388336182	Philip could think about himself putting away the stadium .	6.698094367980957	correct
Maria could think about herself put away the stadium .	6.80443811416626	Maria could think about herself putting away the stadium .	6.871950626373291	incorrect
Philip could think about himself starts the stadium .	7.791828632354736	Philip could think about himself starting the stadium .	7.015318393707275	correct
Maria could think about herself starts the stadium .	7.963558673858643	Maria could think about herself starting the stadium .	7.204320430755615	correct
Gregory did not think about himself put away some media .	6.865527153015137	Gregory did not think about himself putting away some media .	6.7815470695495605	correct
Laura did not think about herself put away some media .	6.169095516204834	Laura did not think about herself putting away some media .	6.264805316925049	incorrect
Gregory did not think about himself stands some media .	7.63099479675293	Gregory did not think about himself standing some media .	7.178652763366699	correct
Laura did not think about herself stands some media .	7.2613701820373535	Laura did not think about herself standing some media .	6.786371231079102	correct
William must not think about himself set up a guess .	6.306268215179443	William must not think about himself setting up a guess .	6.5537109375	incorrect
Anne must not think about herself set up a guess .	6.366497039794922	Anne must not think about herself setting up a guess .	6.426662445068359	incorrect
William must not think about himself sees a guess .	7.041781902313232	William must not think about himself seeing a guess .	6.808987617492676	correct
Anne must not think about herself sees a guess .	7.028191566467285	Anne must not think about herself seeing a guess .	6.898881435394287	correct
Obama did not think about himself tried this fuel .	6.952480792999268	Obama did not think about himself trying this fuel .	6.802462577819824	correct
Anne did not think about herself tried this fuel .	7.126918315887451	Anne did not think about herself trying this fuel .	6.942958831787109	correct
Obama did not think about himself tests this fuel .	7.366752624511719	Obama did not think about himself testing this fuel .	6.7896223068237305	correct
Anne did not think about herself tests this fuel .	7.555768013000488	Anne did not think about herself testing this fuel .	7.133944988250732	correct
Bill could think about himself tried the home .	7.352932929992676	Bill could think about himself trying the home .	7.403700828552246	incorrect
Maria could think about herself tried the home .	7.4862799644470215	Maria could think about herself trying the home .	7.406336307525635	correct
Bill could think about himself gets the home .	7.080121994018555	Bill could think about himself getting the home .	6.459245681762695	correct
Maria could think about herself gets the home .	7.1381659507751465	Maria could think about herself getting the home .	6.629863739013672	correct
Mark thought about himself put away that fuel .	7.537264823913574	Mark thought about himself putting away that fuel .	7.516942024230957	correct
Sarah thought about herself put away that fuel .	7.167428016662598	Sarah thought about herself putting away that fuel .	7.234091758728027	incorrect
Mark thought about himself looks at that fuel .	7.843171119689941	Mark thought about himself looking at that fuel .	7.302341938018799	correct
Sarah thought about herself looks at that fuel .	7.606282711029053	Sarah thought about herself looking at that fuel .	6.684805393218994	correct
Mark could think about himself covered that counter .	7.796683311462402	Mark could think about himself covering that counter .	8.13167953491211	incorrect
Sarah could think about herself covered that counter .	7.332167148590088	Sarah could think about herself covering that counter .	7.624887943267822	incorrect
Mark could think about himself records that counter .	9.143999099731445	Mark could think about himself recording that counter .	8.392534255981445	correct
Sarah could think about herself records that counter .	8.112740516662598	Sarah could think about herself recording that counter .	7.5850830078125	correct
John must not think about himself put away the dance .	6.114400386810303	John must not think about himself putting away the dance .	6.120148658752441	incorrect
Sarah must not think about herself put away the dance .	5.858191013336182	Sarah must not think about herself putting away the dance .	5.942347049713135	incorrect
John must not think about himself covers the dance .	7.058816909790039	John must not think about himself covering the dance .	6.979226112365723	correct
Sarah must not think about herself covers the dance .	6.799420356750488	Sarah must not think about herself covering the dance .	6.611006259918213	correct
Ben must think about himself tried some whale .	7.931217193603516	Ben must think about himself trying some whale .	7.904508590698242	correct
Laura must think about herself tried some whale .	8.346195220947266	Laura must think about herself trying some whale .	7.948264122009277	correct
Ben must think about himself covers some whale .	8.025087356567383	Ben must think about himself covering some whale .	8.027177810668945	incorrect
Laura must think about herself covers some whale .	8.262682914733887	Laura must think about herself covering some whale .	8.082552909851074	correct
Chris thought about himself read the whale .	7.4733967781066895	Chris thought about himself reading the whale .	7.365945339202881	correct
Anne thought about herself read the whale .	7.445178031921387	Anne thought about herself reading the whale .	7.2557830810546875	correct
Chris thought about himself studies the whale .	8.13830280303955	Chris thought about himself studying the whale .	7.35017204284668	correct
Anne thought about herself studies the whale .	7.893706321716309	Anne thought about herself studying the whale .	7.198636054992676	correct
Taylor thought about himself lived in the access .	7.404317378997803	Taylor thought about himself living in the access .	7.034862518310547	correct
Maria thought about herself lived in the access .	6.815248966217041	Maria thought about herself living in the access .	6.291103839874268	correct
Taylor thought about himself stands the access .	8.761798858642578	Taylor thought about himself standing the access .	8.197402000427246	correct
Maria thought about herself stands the access .	8.23906135559082	Maria thought about herself standing the access .	7.465685844421387	correct
John must think about himself lived in that rock .	6.755634307861328	John must think about himself living in that rock .	6.410031795501709	correct
Laura must think about herself lived in that rock .	6.834448337554932	Laura must think about herself living in that rock .	6.2929792404174805	correct
John must think about himself gets that rock .	7.445551872253418	John must think about himself getting that rock .	7.01307487487793	correct
Laura must think about herself gets that rock .	7.442926406860352	Laura must think about herself getting that rock .	6.977269649505615	correct
Gregory did not think about himself lived in this access .	6.802565574645996	Gregory did not think about himself living in this access .	6.5088114738464355	correct
Sarah did not think about herself lived in this access .	6.210869789123535	Sarah did not think about herself living in this access .	5.931617736816406	correct
Gregory did not think about himself runs to this access .	7.143367290496826	Gregory did not think about himself running to this access .	6.808366298675537	correct
Sarah did not think about herself runs to this access .	6.679599761962891	Sarah did not think about herself running to this access .	6.195870399475098	correct
Chris thinks about himself tried the clock .	7.541340351104736	Chris thinks about himself trying the clock .	7.235496997833252	correct
Sarah thinks about herself tried the clock .	7.839259624481201	Sarah thinks about herself trying the clock .	7.422969818115234	correct
Chris thinks about himself calls the clock .	7.489680767059326	Chris thinks about himself calling the clock .	7.0587663650512695	correct
Sarah thinks about herself calls the clock .	7.973508358001709	Sarah thinks about herself calling the clock .	7.183535099029541	correct
William could think about himself read some baby .	6.643981456756592	William could think about himself reading some baby .	6.936870098114014	incorrect
Maria could think about herself read some baby .	7.098086833953857	Maria could think about herself reading some baby .	7.115634441375732	incorrect
William could think about himself makes some baby .	7.049227237701416	William could think about himself making some baby .	6.794519424438477	correct
Maria could think about herself makes some baby .	7.474935054779053	Maria could think about herself making some baby .	6.979953765869141	correct
Henry could think about himself moved this dinner .	6.87668514251709	Henry could think about himself moving this dinner .	6.365161895751953	correct
Laura could think about herself moved this dinner .	7.764836311340332	Laura could think about herself moving this dinner .	6.971665382385254	correct
Henry could think about himself takes this dinner .	6.743938446044922	Henry could think about himself taking this dinner .	5.98697566986084	correct
Laura could think about herself takes this dinner .	7.566537857055664	Laura could think about herself taking this dinner .	6.809051513671875	correct
Mark must not think about himself put away the clock .	5.785497188568115	Mark must not think about himself putting away the clock .	5.790694236755371	incorrect
Anne must not think about herself put away the clock .	6.047316074371338	Anne must not think about herself putting away the clock .	6.104930877685547	incorrect
Mark must not think about himself records the clock .	7.624791622161865	Mark must not think about himself recording the clock .	6.501250267028809	correct
Anne must not think about herself records the clock .	7.561427593231201	Anne must not think about herself recording the clock .	6.655998229980469	correct
Mark could think about himself tried that growth .	8.656346321105957	Mark could think about himself trying that growth .	8.485180854797363	correct
Sarah could think about herself tried that growth .	7.955074787139893	Sarah could think about herself trying that growth .	7.635359764099121	correct
Mark could think about himself calls that growth .	9.348624229431152	Mark could think about himself calling that growth .	8.721305847167969	correct
Sarah could think about herself calls that growth .	8.425950050354004	Sarah could think about herself calling that growth .	7.69779109954834	correct
Roger must not think about himself lived in some fuel .	7.106868743896484	Roger must not think about himself living in some fuel .	6.864688873291016	correct
Maria must not think about herself lived in some fuel .	6.448724269866943	Maria must not think about herself living in some fuel .	6.187017440795898	correct
Roger must not think about himself starts some fuel .	8.092633247375488	Roger must not think about himself starting some fuel .	7.615859031677246	correct
Maria must not think about herself starts some fuel .	7.658616542816162	Maria must not think about herself starting some fuel .	7.157145023345947	correct
Obama thinks about himself put away a home .	6.85329008102417	Obama thinks about himself putting away a home .	6.913890838623047	incorrect
Laura thinks about herself put away a home .	6.545560359954834	Laura thinks about herself putting away a home .	6.5791401863098145	incorrect
Obama thinks about himself changes a home .	7.16995096206665	Obama thinks about himself changing a home .	6.943572998046875	correct
Laura thinks about herself changes a home .	7.070107936859131	Laura thinks about herself changing a home .	6.809277057647705	correct
Philip must think about himself covered a clock .	7.08673620223999	Philip must think about himself covering a clock .	7.028065204620361	correct
Anne must think about herself covered a clock .	6.905078411102295	Anne must think about herself covering a clock .	6.8282036781311035	correct
Philip must think about himself calls a clock .	7.394903659820557	Philip must think about himself calling a clock .	6.840913772583008	correct
Anne must think about herself calls a clock .	7.148535251617432	Anne must think about herself calling a clock .	6.710774898529053	correct
Joseph must not think about himself set up this dance .	7.307585716247559	Joseph must not think about himself setting up this dance .	7.224732875823975	correct
Sarah must not think about herself set up this dance .	6.380378246307373	Sarah must not think about herself setting up this dance .	6.440081596374512	incorrect
Joseph must not think about himself stands this dance .	8.066635131835938	Joseph must not think about himself standing this dance .	7.822813987731934	correct
Sarah must not think about herself stands this dance .	7.294537544250488	Sarah must not think about herself standing this dance .	6.9728240966796875	correct
John must not think about himself set up some mirror .	6.580223083496094	John must not think about himself setting up some mirror .	6.582130432128906	incorrect
Anne must not think about herself set up some mirror .	6.726600170135498	Anne must not think about herself setting up some mirror .	6.756341457366943	incorrect
John must not think about himself looks at some mirror .	6.495174407958984	John must not think about himself looking at some mirror .	5.848535060882568	correct
Anne must not think about herself looks at some mirror .	6.56735897064209	Anne must not think about herself looking at some mirror .	6.065346717834473	correct
William thought about himself put away this procedure .	6.979312419891357	William thought about himself putting away this procedure .	7.368581295013428	incorrect
Maria thought about herself put away this procedure .	6.945196628570557	Maria thought about herself putting away this procedure .	7.078902244567871	incorrect
William thought about himself takes this procedure .	8.106155395507812	William thought about himself taking this procedure .	7.5137152671813965	correct
Maria thought about herself takes this procedure .	8.174869537353516	Maria thought about herself taking this procedure .	7.333017349243164	correct
Simon must think about himself put away a scale .	6.724892616271973	Simon must think about himself putting away a scale .	6.798670291900635	incorrect
Anne must think about herself put away a scale .	6.289174556732178	Anne must think about herself putting away a scale .	6.404425144195557	incorrect
Simon must think about himself tests a scale .	8.40658950805664	Simon must think about himself testing a scale .	7.6584014892578125	correct
Anne must think about herself tests a scale .	7.84274959564209	Anne must think about herself testing a scale .	7.403348445892334	correct
Ben thinks about himself called this book .	7.408920764923096	Ben thinks about himself calling this book .	7.686004638671875	incorrect
Sarah thinks about herself called this book .	7.2609992027282715	Sarah thinks about herself calling this book .	7.4102067947387695	incorrect
Ben thinks about himself plans this book .	8.705398559570312	Ben thinks about himself planning this book .	7.748883247375488	correct
Sarah thinks about herself plans this book .	8.55001449584961	Sarah thinks about herself planning this book .	7.660730838775635	correct
Louis thinks about himself tried this access .	7.786512851715088	Louis thinks about himself trying this access .	7.506672382354736	correct
Maria thinks about herself tried this access .	7.926968574523926	Maria thinks about herself trying this access .	7.535130500793457	correct
Louis thinks about himself records this access .	8.73771858215332	Louis thinks about himself recording this access .	7.949082374572754	correct
Maria thinks about herself records this access .	8.729501724243164	Maria thinks about herself recording this access .	7.973231792449951	correct
Carter did not think about himself served this rock .	7.581475734710693	Carter did not think about himself serving this rock .	7.367445468902588	correct
Anne did not think about herself served this rock .	6.943894386291504	Anne did not think about herself serving this rock .	6.655014991760254	correct
Carter did not think about himself goes to this rock .	7.086334228515625	Carter did not think about himself going to this rock .	6.750399589538574	correct
Anne did not think about herself goes to this rock .	6.302973747253418	Anne did not think about herself going to this rock .	5.956742286682129	correct
Henry did not think about himself called a bet .	5.3058085441589355	Henry did not think about himself calling a bet .	5.2940778732299805	correct
Maria did not think about herself called a bet .	5.97439432144165	Maria did not think about herself calling a bet .	5.830150127410889	correct
Henry did not think about himself runs to a bet .	5.970481872558594	Henry did not think about himself running to a bet .	5.509572505950928	correct
Maria did not think about herself runs to a bet .	6.3971686363220215	Maria did not think about herself running to a bet .	5.889495372772217	correct
John must think about himself moved some tradition .	8.036327362060547	John must think about himself moving some tradition .	7.45692253112793	correct
Anne must think about herself moved some tradition .	7.874813556671143	Anne must think about herself moving some tradition .	7.481727600097656	correct
John must think about himself looks at some tradition .	6.883455753326416	John must think about himself looking at some tradition .	6.424635410308838	correct
Anne must think about herself looks at some tradition .	6.948343753814697	Anne must think about herself looking at some tradition .	6.564660549163818	correct
Henry must think about himself moved this boom .	7.020386695861816	Henry must think about himself moving this boom .	6.3404364585876465	correct
Laura must think about herself moved this boom .	8.377392768859863	Laura must think about herself moving this boom .	7.4450578689575195	correct
Henry must think about himself stands this boom .	7.083073616027832	Henry must think about himself standing this boom .	6.623260021209717	correct
Laura must think about herself stands this boom .	8.376199722290039	Laura must think about herself standing this boom .	7.864805221557617	correct
Thomas must not think about himself tried this mind .	6.707014560699463	Thomas must not think about himself trying this mind .	6.5946946144104	correct
Anne must not think about herself tried this mind .	7.0465312004089355	Anne must not think about herself trying this mind .	6.930825710296631	correct
Thomas must not think about himself moves this mind .	7.2037506103515625	Thomas must not think about himself moving this mind .	6.5032196044921875	correct
Anne must not think about herself moves this mind .	7.370155334472656	Anne must not think about herself moving this mind .	6.83119535446167	correct
Henry must think about himself lived in this boom .	6.197044372558594	Henry must think about himself living in this boom .	5.970522880554199	correct
Anne must think about herself lived in this boom .	6.996689796447754	Anne must think about herself living in this boom .	6.587352275848389	correct
Henry must think about himself shows off this boom .	6.936952114105225	Henry must think about himself showing off this boom .	6.4527788162231445	correct
Anne must think about herself shows off this boom .	7.8482584953308105	Anne must think about herself showing off this boom .	7.229654788970947	correct
Mark must think about himself set up the sky .	6.741299152374268	Mark must think about himself setting up the sky .	6.650391578674316	correct
Laura must think about herself set up the sky .	6.461905002593994	Laura must think about herself setting up the sky .	6.476747512817383	incorrect
Mark must think about himself plans the sky .	8.682235717773438	Mark must think about himself planning the sky .	7.899885177612305	correct
Laura must think about herself plans the sky .	8.288094520568848	Laura must think about herself planning the sky .	7.353063106536865	correct
Sam did not think about himself lived in that night .	5.290945529937744	Sam did not think about himself living in that night .	5.2093682289123535	correct
Laura did not think about herself lived in that night .	5.533717155456543	Laura did not think about herself living in that night .	5.2119669914245605	correct
Sam did not think about himself takes that night .	6.849516868591309	Sam did not think about himself taking that night .	6.119490623474121	correct
Laura did not think about herself takes that night .	6.73452615737915	Laura did not think about herself taking that night .	5.97572660446167	correct
Obama must not think about himself tried a general .	7.076625823974609	Obama must not think about himself trying a general .	6.860416412353516	correct
Maria must not think about herself tried a general .	6.6739959716796875	Maria must not think about herself trying a general .	6.467672824859619	correct
Obama must not think about himself makes a general .	6.827798366546631	Obama must not think about himself making a general .	6.529790878295898	correct
Maria must not think about herself makes a general .	6.467273235321045	Maria must not think about herself making a general .	6.079005718231201	correct
Simon thought about himself tried some lady .	8.524277687072754	Simon thought about himself trying some lady .	8.253597259521484	correct
Maria thought about herself tried some lady .	7.912651062011719	Maria thought about herself trying some lady .	7.480219841003418	correct
Simon thought about himself looks at some lady .	7.586733341217041	Simon thought about himself looking at some lady .	6.852732181549072	correct
Maria thought about herself looks at some lady .	6.748347759246826	Maria thought about herself looking at some lady .	5.932753086090088	correct
Obama thinks about himself called a stadium .	7.409595012664795	Obama thinks about himself calling a stadium .	7.653810501098633	incorrect
Maria thinks about herself called a stadium .	7.615690231323242	Maria thinks about herself calling a stadium .	7.562036037445068	correct
Obama thinks about himself turns a stadium .	7.79922342300415	Obama thinks about himself turning a stadium .	7.346549034118652	correct
Maria thinks about herself turns a stadium .	7.9135260581970215	Maria thinks about herself turning a stadium .	7.206063270568848	correct
Sam thought about himself tried that bet .	8.147832870483398	Sam thought about himself trying that bet .	8.027812957763672	correct
Anne thought about herself tried that bet .	7.776002883911133	Anne thought about herself trying that bet .	7.389260292053223	correct
Sam thought about himself turns that bet .	8.612286567687988	Sam thought about himself turning that bet .	7.756336688995361	correct
Anne thought about herself turns that bet .	7.848052024841309	Anne thought about herself turning that bet .	7.099758148193359	correct
William must think about himself tried that label .	7.60302209854126	William must think about himself trying that label .	7.640932083129883	incorrect
Sarah must think about herself tried that label .	7.392762184143066	Sarah must think about herself trying that label .	7.171156883239746	correct
William must think about himself plans that label .	8.153303146362305	William must think about himself planning that label .	7.860395908355713	correct
Sarah must think about herself plans that label .	7.64009952545166	Sarah must think about herself planning that label .	7.261763095855713	correct
Richard thought about himself moved the apple .	6.570503234863281	Richard thought about himself moving the apple .	5.922972202301025	correct
Maria thought about herself moved the apple .	7.324106216430664	Maria thought about herself moving the apple .	6.498182773590088	correct
Richard thought about himself records the apple .	7.524682998657227	Richard thought about himself recording the apple .	6.461905479431152	correct
Maria thought about herself records the apple .	8.154239654541016	Maria thought about herself recording the apple .	7.057884216308594	correct
Allen did not think about himself lived in this couple .	6.386988162994385	Allen did not think about himself living in this couple .	6.209974765777588	correct
Maria did not think about herself lived in this couple .	5.897284984588623	Maria did not think about herself living in this couple .	5.622150421142578	correct
Allen did not think about himself takes this couple .	7.265896797180176	Allen did not think about himself taking this couple .	6.71062707901001	correct
Maria did not think about herself takes this couple .	6.869691371917725	Maria did not think about herself taking this couple .	6.259291648864746	correct
Roger must not think about himself called the picture .	6.836230278015137	Roger must not think about himself calling the picture .	7.056516647338867	incorrect
Laura must not think about herself called the picture .	6.185624122619629	Laura must not think about herself calling the picture .	6.239874839782715	incorrect
Roger must not think about himself stands the picture .	7.5253729820251465	Roger must not think about himself standing the picture .	7.137950897216797	correct
Laura must not think about herself stands the picture .	6.766643047332764	Laura must not think about herself standing the picture .	6.205039024353027	correct
Ben must think about himself lived in some growth .	7.740013122558594	Ben must think about himself living in some growth .	7.511232376098633	correct
Anne must think about herself lived in some growth .	7.384624481201172	Anne must think about herself living in some growth .	6.958972454071045	correct
Ben must think about himself gets some growth .	8.00814437866211	Ben must think about himself getting some growth .	7.553435325622559	correct
Anne must think about herself gets some growth .	7.668506145477295	Anne must think about herself getting some growth .	7.366029739379883	correct
John thought about himself set up some drop .	6.818065643310547	John thought about himself setting up some drop .	7.011173725128174	incorrect
Maria thought about herself set up some drop .	6.514527320861816	Maria thought about herself setting up some drop .	6.679945468902588	incorrect
John thought about himself calls some drop .	8.613486289978027	John thought about himself calling some drop .	7.701107025146484	correct
Maria thought about herself calls some drop .	8.355037689208984	Maria thought about herself calling some drop .	7.2372236251831055	correct
Carter did not think about himself ran to a procedure .	7.275032997131348	Carter did not think about himself running to a procedure .	7.1328959465026855	correct
Sarah did not think about herself ran to a procedure .	6.519664764404297	Sarah did not think about herself running to a procedure .	6.212450981140137	correct
Carter did not think about himself looks at a procedure .	7.1528472900390625	Carter did not think about himself looking at a procedure .	6.716865062713623	correct
Sarah did not think about herself looks at a procedure .	6.638145446777344	Sarah did not think about herself looking at a procedure .	5.869887828826904	correct
Allen did not think about himself called a hill .	6.499693393707275	Allen did not think about himself calling a hill .	6.820916652679443	incorrect
Maria did not think about herself called a hill .	6.065399169921875	Maria did not think about herself calling a hill .	6.186294078826904	incorrect
Allen did not think about himself studies a hill .	7.4504828453063965	Allen did not think about himself studying a hill .	6.60982608795166	correct
Maria did not think about herself studies a hill .	6.820308208465576	Maria did not think about herself studying a hill .	6.144049167633057	correct
Edward did not think about himself read this game .	5.517531871795654	Edward did not think about himself reading this game .	5.326111793518066	correct
Sarah did not think about herself read this game .	5.845387935638428	Sarah did not think about herself reading this game .	5.719725608825684	correct
Edward did not think about himself stands this game .	6.05044412612915	Edward did not think about himself standing this game .	5.711371898651123	correct
Sarah did not think about herself stands this game .	6.719305515289307	Sarah did not think about herself standing this game .	6.277079105377197	correct
Chris thinks about himself lived in some valley .	7.095993995666504	Chris thinks about himself living in some valley .	6.834757328033447	correct
Sarah thinks about herself lived in some valley .	7.06126594543457	Sarah thinks about herself living in some valley .	6.700787544250488	correct
Chris thinks about himself depends some valley .	9.413074493408203	Chris thinks about himself depending some valley .	9.144160270690918	correct
Sarah thinks about herself depends some valley .	9.332155227661133	Sarah thinks about herself depending some valley .	9.088397979736328	correct
Allen must think about himself moved that drop .	8.97195816040039	Allen must think about himself moving that drop .	8.519651412963867	correct
Laura must think about herself moved that drop .	8.311368942260742	Laura must think about herself moving that drop .	7.544464111328125	correct
Allen must think about himself makes that drop .	8.360356330871582	Allen must think about himself making that drop .	8.146781921386719	correct
Laura must think about herself makes that drop .	7.590508460998535	Laura must think about herself making that drop .	7.146536350250244	correct
Roger thinks about himself ran to a mind .	7.824350833892822	Roger thinks about himself running to a mind .	7.437993049621582	correct
Anne thinks about herself ran to a mind .	7.756320476531982	Anne thinks about herself running to a mind .	7.360166072845459	correct
Roger thinks about himself calls a mind .	8.482154846191406	Roger thinks about himself calling a mind .	7.915093421936035	correct
Anne thinks about herself calls a mind .	8.381421089172363	Anne thinks about herself calling a mind .	7.844866752624512	correct
Allen must not think about himself put away this general .	7.461922645568848	Allen must not think about himself putting away this general .	7.5453009605407715	incorrect
Maria must not think about herself put away this general .	6.415835380554199	Maria must not think about herself putting away this general .	6.551838397979736	incorrect
Allen must not think about himself starts this general .	8.213606834411621	Allen must not think about himself starting this general .	7.856943607330322	correct
Maria must not think about herself starts this general .	7.227485656738281	Maria must not think about herself starting this general .	6.816315650939941	correct
Louis must think about himself ran to some stand .	6.935885906219482	Louis must think about himself running to some stand .	6.632884979248047	correct
Laura must think about herself ran to some stand .	7.715370178222656	Laura must think about herself running to some stand .	7.410463333129883	correct
Louis must think about himself records some stand .	8.099054336547852	Louis must think about himself recording some stand .	7.20927619934082	correct
Laura must think about herself records some stand .	8.912886619567871	Laura must think about herself recording some stand .	7.776616096496582	correct
Thomas did not think about himself covered that scale .	6.440745830535889	Thomas did not think about himself covering that scale .	6.664043426513672	incorrect
Sarah did not think about herself covered that scale .	6.148877143859863	Sarah did not think about herself covering that scale .	6.453471660614014	incorrect
Thomas did not think about himself studies that scale .	7.241763591766357	Thomas did not think about himself studying that scale .	6.677104473114014	correct
Sarah did not think about herself studies that scale .	6.657784461975098	Sarah did not think about herself studying that scale .	6.23906946182251	correct
Alexander did not think about himself put away the rock .	5.48647403717041	Alexander did not think about himself putting away the rock .	5.63429069519043	incorrect
Laura did not think about herself put away the rock .	5.615325927734375	Laura did not think about herself putting away the rock .	5.691061019897461	incorrect
Alexander did not think about himself tests the rock .	6.7049713134765625	Alexander did not think about himself testing the rock .	6.254511833190918	correct
Laura did not think about herself tests the rock .	7.047616004943848	Laura did not think about herself testing the rock .	6.368039131164551	correct
Richard did not think about himself tried this cast .	6.152891635894775	Richard did not think about himself trying this cast .	6.202165126800537	incorrect
Sarah did not think about herself tried this cast .	6.765371799468994	Sarah did not think about herself trying this cast .	6.725781440734863	correct
Richard did not think about himself plans this cast .	6.7991766929626465	Richard did not think about himself planning this cast .	6.287168979644775	correct
Sarah did not think about herself plans this cast .	7.237491130828857	Sarah did not think about herself planning this cast .	6.682176113128662	correct
Ben thinks about himself lived in a label .	7.268036842346191	Ben thinks about himself living in a label .	6.9584150314331055	correct
Sarah thinks about herself lived in a label .	7.240081787109375	Sarah thinks about herself living in a label .	6.64115047454834	correct
Ben thinks about himself studies a label .	8.84187126159668	Ben thinks about himself studying a label .	8.55398941040039	correct
Sarah thinks about herself studies a label .	8.744879722595215	Sarah thinks about herself studying a label .	7.75143575668335	correct
Chris must think about himself called this bear .	6.918227195739746	Chris must think about himself calling this bear .	7.064881801605225	incorrect
Laura must think about herself called this bear .	6.742065906524658	Laura must think about herself calling this bear .	6.836719989776611	incorrect
Chris must think about himself turns this bear .	7.460405349731445	Chris must think about himself turning this bear .	6.995335578918457	correct
Laura must think about herself turns this bear .	7.314491271972656	Laura must think about herself turning this bear .	6.686584949493408	correct
Michael must think about himself put away an apple .	5.870333194732666	Michael must think about himself putting away an apple .	5.950698375701904	incorrect
Maria must think about herself put away an apple .	6.035704135894775	Maria must think about herself putting away an apple .	6.171994686126709	incorrect
Michael must think about himself moves an apple .	6.78830623626709	Michael must think about himself moving an apple .	6.241636276245117	correct
Maria must think about herself moves an apple .	6.99205207824707	Maria must think about herself moving an apple .	6.374078273773193	correct
Henry thought about himself tried this camera .	6.58195161819458	Henry thought about himself trying this camera .	6.4153289794921875	correct
Anne thought about herself tried this camera .	7.890008926391602	Anne thought about herself trying this camera .	7.455723762512207	correct
Henry thought about himself gets this camera .	6.537947654724121	Henry thought about himself getting this camera .	6.0087385177612305	correct
Anne thought about herself gets this camera .	7.464577674865723	Anne thought about herself getting this camera .	7.053796768188477	correct
Ben thought about himself served that baby .	7.939439296722412	Ben thought about himself serving that baby .	7.625484943389893	correct
Maria thought about herself served that baby .	7.7309675216674805	Maria thought about herself serving that baby .	7.244183540344238	correct
Ben thought about himself sees that baby .	7.84122896194458	Ben thought about himself seeing that baby .	7.183990478515625	correct
Maria thought about herself sees that baby .	7.469432830810547	Maria thought about herself seeing that baby .	6.72611141204834	correct
Louis could think about himself moved that cabinet .	7.327322959899902	Louis could think about himself moving that cabinet .	6.7391133308410645	correct
Laura could think about herself moved that cabinet .	7.639769554138184	Laura could think about herself moving that cabinet .	7.031289100646973	correct
Louis could think about himself takes that cabinet .	7.466165542602539	Louis could think about himself taking that cabinet .	6.579292297363281	correct
Laura could think about herself takes that cabinet .	7.734139442443848	Laura could think about herself taking that cabinet .	6.911324501037598	correct
Thomas could think about himself served the media .	7.916210651397705	Thomas could think about himself serving the media .	7.860452651977539	correct
Maria could think about herself served the media .	7.792529582977295	Maria could think about herself serving the media .	7.634613037109375	correct
Thomas could think about himself calls the media .	8.110074043273926	Thomas could think about himself calling the media .	7.42789888381958	correct
Maria could think about herself calls the media .	7.827950477600098	Maria could think about herself calling the media .	7.188832759857178	correct
Thomas thinks about himself ran to a color .	7.623567581176758	Thomas thinks about himself running to a color .	7.32134485244751	correct
Maria thinks about herself ran to a color .	7.399807453155518	Maria thinks about herself running to a color .	6.8465495109558105	correct
Thomas thinks about himself shows off a color .	7.728091716766357	Thomas thinks about himself showing off a color .	6.725446701049805	correct
Maria thinks about herself shows off a color .	7.285645484924316	Maria thinks about herself showing off a color .	6.403904438018799	correct
Edward thinks about himself lived in the mind .	6.254882335662842	Edward thinks about himself living in the mind .	5.939589023590088	correct
Sarah thinks about herself lived in the mind .	7.031068325042725	Sarah thinks about herself living in the mind .	6.324547290802002	correct
Edward thinks about himself moves the mind .	7.194388389587402	Edward thinks about himself moving the mind .	6.525760173797607	correct
Sarah thinks about herself moves the mind .	7.914897441864014	Sarah thinks about herself moving the mind .	7.4123382568359375	correct
Allen must think about himself put away this baby .	7.586427211761475	Allen must think about himself putting away this baby .	7.565855503082275	correct
Sarah must think about herself put away this baby .	6.40584135055542	Sarah must think about herself putting away this baby .	6.541342258453369	incorrect
Allen must think about himself makes this baby .	8.05038833618164	Allen must think about himself making this baby .	7.805018901824951	correct
Sarah must think about herself makes this baby .	7.243194580078125	Sarah must think about herself making this baby .	6.700048923492432	correct
Philip thinks about himself set up that picture .	7.010031700134277	Philip thinks about himself setting up that picture .	6.877458572387695	correct
Laura thinks about herself set up that picture .	6.517114639282227	Laura thinks about herself setting up that picture .	6.689000129699707	incorrect
Philip thinks about himself makes that picture .	7.680673122406006	Philip thinks about himself making that picture .	6.981809139251709	correct
Laura thinks about herself makes that picture .	7.2920989990234375	Laura thinks about herself making that picture .	6.53315544128418	correct
Gregory did not think about himself moved an access .	7.033701419830322	Gregory did not think about himself moving an access .	6.842535018920898	correct
Maria did not think about herself moved an access .	6.301886081695557	Maria did not think about herself moving an access .	6.133914947509766	correct
Gregory did not think about himself takes an access .	7.055190086364746	Gregory did not think about himself taking an access .	6.518465518951416	correct
Maria did not think about herself takes an access .	6.512036323547363	Maria did not think about herself taking an access .	5.941123962402344	correct
Carter thought about himself ran to that night .	7.902623653411865	Carter thought about himself running to that night .	7.683221817016602	correct
Maria thought about herself ran to that night .	6.874213695526123	Maria thought about herself running to that night .	6.51616907119751	correct
Carter thought about himself gets that night .	8.293859481811523	Carter thought about himself getting that night .	7.766165733337402	correct
Maria thought about herself gets that night .	7.448835372924805	Maria thought about herself getting that night .	6.7443037033081055	correct
Carter could think about himself set up the procedure .	7.730737209320068	Carter could think about himself setting up the procedure .	7.727928161621094	correct
Sarah could think about herself set up the procedure .	6.522758483886719	Sarah could think about herself setting up the procedure .	6.515800476074219	correct
Carter could think about himself shows off the procedure .	8.534573554992676	Carter could think about himself showing off the procedure .	8.046996116638184	correct
Sarah could think about herself shows off the procedure .	7.627661228179932	Sarah could think about herself showing off the procedure .	6.792801856994629	correct
Louis could think about himself called some suit .	7.2968268394470215	Louis could think about himself calling some suit .	7.07706356048584	correct
Laura could think about herself called some suit .	7.779879570007324	Laura could think about herself calling some suit .	7.427870750427246	correct
Louis could think about himself tests some suit .	8.249309539794922	Louis could think about himself testing some suit .	7.6185150146484375	correct
Laura could think about herself tests some suit .	8.730050086975098	Laura could think about herself testing some suit .	8.09803581237793	correct
John must not think about himself moved this night .	6.984514236450195	John must not think about himself moving this night .	6.418952465057373	correct
Maria must not think about herself moved this night .	6.6775078773498535	Maria must not think about herself moving this night .	6.396002292633057	correct
John must not think about himself covers this night .	7.142735958099365	John must not think about himself covering this night .	7.037909984588623	correct
Maria must not think about herself covers this night .	7.000329494476318	Maria must not think about herself covering this night .	6.99122953414917	correct
Louis could think about himself lived in some lady .	6.510409832000732	Louis could think about himself living in some lady .	6.167733669281006	correct
Sarah could think about herself lived in some lady .	6.770677089691162	Sarah could think about herself living in some lady .	6.369580268859863	correct
Louis could think about himself makes some lady .	7.129881381988525	Louis could think about himself making some lady .	6.624932289123535	correct
Sarah could think about herself makes some lady .	7.411855220794678	Sarah could think about herself making some lady .	6.859689235687256	correct
John thinks about himself tried the camera .	7.1491169929504395	John thinks about himself trying the camera .	6.917699813842773	correct
Maria thinks about herself tried the camera .	7.101452827453613	Maria thinks about herself trying the camera .	6.627118110656738	correct
John thinks about himself moves the camera .	7.003902435302734	John thinks about himself moving the camera .	6.007876873016357	correct
Maria thinks about herself moves the camera .	6.725587368011475	Maria thinks about herself moving the camera .	5.769392013549805	correct
Michael could think about himself put away a baby .	5.96593713760376	Michael could think about himself putting away a baby .	5.96725606918335	incorrect
Laura could think about herself put away a baby .	5.747932434082031	Laura could think about herself putting away a baby .	5.78385591506958	incorrect
Michael could think about himself shows off a baby .	6.943984508514404	Michael could think about himself showing off a baby .	6.174479007720947	correct
Laura could think about herself shows off a baby .	7.137781620025635	Laura could think about herself showing off a baby .	6.15896463394165	correct
Philip must not think about himself called this access .	7.321547031402588	Philip must not think about himself calling this access .	7.39224100112915	incorrect
Laura must not think about herself called this access .	7.240889549255371	Laura must not think about herself calling this access .	7.122274875640869	correct
Philip must not think about himself changes this access .	7.561941623687744	Philip must not think about himself changing this access .	7.014327526092529	correct
Laura must not think about herself changes this access .	7.334909915924072	Laura must not think about herself changing this access .	6.834669589996338	correct
Richard did not think about himself ran to some whale .	6.139025688171387	Richard did not think about himself running to some whale .	5.992266654968262	correct
Laura did not think about herself ran to some whale .	6.681077003479004	Laura did not think about herself running to some whale .	6.388322353363037	correct
Richard did not think about himself depends some whale .	7.007012844085693	Richard did not think about himself depending some whale .	6.7197089195251465	correct
Laura did not think about herself depends some whale .	7.618153095245361	Laura did not think about herself depending some whale .	7.3114495277404785	correct
Roger did not think about himself read some plan .	6.82218074798584	Roger did not think about himself reading some plan .	6.661747455596924	correct
Anne did not think about herself read some plan .	6.7227044105529785	Anne did not think about herself reading some plan .	6.583807468414307	correct
Roger did not think about himself looks at some plan .	6.454259872436523	Roger did not think about himself looking at some plan .	6.003663539886475	correct
Anne did not think about herself looks at some plan .	6.337905406951904	Anne did not think about herself looking at some plan .	5.954954147338867	correct
Mark must not think about himself read the hill .	6.863521575927734	Mark must not think about himself reading the hill .	6.69777774810791	correct
Laura must not think about herself read the hill .	6.382694721221924	Laura must not think about herself reading the hill .	6.274996280670166	correct
Mark must not think about himself studies the hill .	7.760303020477295	Mark must not think about himself studying the hill .	6.875572204589844	correct
Laura must not think about herself studies the hill .	7.349763870239258	Laura must not think about herself studying the hill .	6.674314022064209	correct
Obama did not think about himself lived in the movie .	5.522621154785156	Obama did not think about himself living in the movie .	5.124061584472656	correct
Anne did not think about herself lived in the movie .	5.598796367645264	Anne did not think about herself living in the movie .	5.2105560302734375	correct
Obama did not think about himself studies the movie .	6.390902519226074	Obama did not think about himself studying the movie .	5.699032783508301	correct
Anne did not think about herself studies the movie .	6.490970134735107	Anne did not think about herself studying the movie .	5.934739112854004	correct
John thought about himself put away a bet .	6.525395393371582	John thought about himself putting away a bet .	6.508510589599609	correct
Maria thought about herself put away a bet .	6.174025535583496	Maria thought about herself putting away a bet .	6.302580833435059	incorrect
John thought about himself makes a bet .	7.201238632202148	John thought about himself making a bet .	6.672647953033447	correct
Maria thought about herself makes a bet .	6.945929050445557	Maria thought about herself making a bet .	6.233858585357666	correct
Ben must think about himself set up that suit .	6.703673839569092	Ben must think about himself setting up that suit .	6.84020471572876	incorrect
Laura must think about herself set up that suit .	6.66958475112915	Laura must think about herself setting up that suit .	6.7410197257995605	incorrect
Ben must think about himself moves that suit .	7.684262275695801	Ben must think about himself moving that suit .	6.854325294494629	correct
Laura must think about herself moves that suit .	7.614413738250732	Laura must think about herself moving that suit .	6.9502973556518555	correct
Taylor thinks about himself covered that night .	7.7231011390686035	Taylor thinks about himself covering that night .	7.753314018249512	incorrect
Laura thinks about herself covered that night .	7.330328941345215	Laura thinks about herself covering that night .	7.664155960083008	incorrect
Taylor thinks about himself shows off that night .	7.799479961395264	Taylor thinks about himself showing off that night .	7.108088970184326	correct
Laura thinks about herself shows off that night .	7.743724822998047	Laura thinks about herself showing off that night .	6.881358623504639	correct
Mark did not think about himself put away that bear .	5.815816879272461	Mark did not think about himself putting away that bear .	5.885269641876221	incorrect
Sarah did not think about herself put away that bear .	5.805235385894775	Sarah did not think about herself putting away that bear .	5.952887058258057	incorrect
Mark did not think about himself goes to that bear .	6.1941680908203125	Mark did not think about himself going to that bear .	5.766812324523926	correct
Sarah did not think about herself goes to that bear .	6.220266342163086	Sarah did not think about herself going to that bear .	5.7283034324646	correct
William thought about himself read the rock .	6.881638050079346	William thought about himself reading the rock .	7.087543964385986	incorrect
Laura thought about herself read the rock .	7.2542290687561035	Laura thought about herself reading the rock .	7.085102081298828	correct
William thought about himself gets the rock .	7.486101150512695	William thought about himself getting the rock .	7.2685627937316895	correct
Laura thought about herself gets the rock .	7.885385036468506	Laura thought about herself getting the rock .	7.382078170776367	correct
Chris thought about himself covered some growth .	8.445503234863281	Chris thought about himself covering some growth .	8.500495910644531	incorrect
Anne thought about herself covered some growth .	8.0238618850708	Anne thought about herself covering some growth .	8.08376693725586	incorrect
Gregory must think about himself lived in a drop .	7.290550231933594	Gregory must think about himself living in a drop .	6.944540977478027	correct
Anne must think about herself lived in a drop .	6.792730808258057	Anne must think about herself living in a drop .	6.363214015960693	correct
Gregory must think about himself gets a drop .	7.412567138671875	Gregory must think about himself getting a drop .	7.142177104949951	correct
Anne must think about herself gets a drop .	7.068881511688232	Anne must think about herself getting a drop .	6.859317779541016	correct
Bill could think about himself lived in a sky .	6.318802356719971	Bill could think about himself living in a sky .	6.034544467926025	correct
Maria could think about herself lived in a sky .	6.3188395500183105	Maria could think about herself living in a sky .	5.942730903625488	correct
Bill could think about himself studies a sky .	8.460052490234375	Bill could think about himself studying a sky .	7.641511917114258	correct
Maria could think about herself studies a sky .	8.039125442504883	Maria could think about herself studying a sky .	7.40300178527832	correct
Robert did not think about himself read that plan .	6.100766658782959	Robert did not think about himself reading that plan .	5.8842949867248535	correct
Sarah did not think about herself read that plan .	6.040826797485352	Sarah did not think about herself reading that plan .	5.900242805480957	correct
Robert did not think about himself covers that plan .	6.584417343139648	Robert did not think about himself covering that plan .	6.378126621246338	correct
Sarah did not think about herself covers that plan .	6.711949825286865	Sarah did not think about herself covering that plan .	6.3880934715271	correct
Gregory thinks about himself called that lady .	7.884335994720459	Gregory thinks about himself calling that lady .	7.761648654937744	correct
Laura thinks about herself called that lady .	7.3714165687561035	Laura thinks about herself calling that lady .	7.365018844604492	correct
Gregory thinks about himself tests that lady .	8.210664749145508	Gregory thinks about himself testing that lady .	8.015167236328125	correct
Laura thinks about herself tests that lady .	8.092272758483887	Laura thinks about herself testing that lady .	7.640713214874268	correct
Mark thinks about himself set up this hill .	6.764313697814941	Mark thinks about himself setting up this hill .	6.813779354095459	incorrect
Laura thinks about herself set up this hill .	6.664546012878418	Laura thinks about herself setting up this hill .	6.9500017166137695	incorrect
Mark thinks about himself shows off this hill .	7.5871195793151855	Mark thinks about himself showing off this hill .	7.173524379730225	correct
Laura thinks about herself shows off this hill .	7.802859306335449	Laura thinks about herself showing off this hill .	6.996947765350342	correct
Carter thinks about himself set up that mind .	7.6024627685546875	Carter thinks about himself setting up that mind .	7.5963134765625	correct
Maria thinks about herself set up that mind .	6.472270488739014	Maria thinks about herself setting up that mind .	6.607325553894043	incorrect
Carter thinks about himself depends that mind .	9.301877975463867	Carter thinks about himself depending that mind .	9.2058687210083	correct
Maria thinks about herself depends that mind .	8.3484468460083	Maria thinks about herself depending that mind .	8.096405029296875	correct
Louis could think about himself put away a movie .	6.0545430183410645	Louis could think about himself putting away a movie .	6.000037670135498	correct
Laura could think about herself put away a movie .	5.990499973297119	Laura could think about herself putting away a movie .	6.025221347808838	incorrect
Louis could think about himself sees a movie .	6.511201858520508	Louis could think about himself seeing a movie .	6.016727447509766	correct
Laura could think about herself sees a movie .	6.799966812133789	Laura could think about herself seeing a movie .	6.251039981842041	correct
Chris thought about himself covered that bet .	7.941313743591309	Chris thought about himself covering that bet .	8.168776512145996	incorrect
Anne thought about herself covered that bet .	7.355380058288574	Anne thought about herself covering that bet .	7.687285423278809	incorrect
Chris thought about himself sees that bet .	8.076953887939453	Chris thought about himself seeing that bet .	7.505867958068848	correct
Anne thought about herself sees that bet .	7.677736282348633	Anne thought about herself seeing that bet .	7.173621654510498	correct
Carter must think about himself moved this lady .	8.349040031433105	Carter must think about himself moving this lady .	7.7119140625	correct
Laura must think about herself moved this lady .	7.732977867126465	Laura must think about herself moving this lady .	6.747126579284668	correct
Carter must think about himself turns this lady .	8.308222770690918	Carter must think about himself turning this lady .	7.900669574737549	correct
Laura must think about herself turns this lady .	7.365508556365967	Laura must think about herself turning this lady .	6.767474174499512	correct
Henry could think about himself covered a drop .	6.426791191101074	Henry could think about himself covering a drop .	6.6182122230529785	incorrect
Sarah could think about herself covered a drop .	7.397866249084473	Sarah could think about herself covering a drop .	7.449601173400879	incorrect
Henry could think about himself studies a drop .	7.1028923988342285	Henry could think about himself studying a drop .	6.53232479095459	correct
Sarah could think about herself studies a drop .	7.848028659820557	Sarah could think about herself studying a drop .	7.280234336853027	correct
John thinks about himself called that cabinet .	7.939854145050049	John thinks about himself calling that cabinet .	8.095647811889648	incorrect
Laura thinks about herself called that cabinet .	7.846043109893799	Laura thinks about herself calling that cabinet .	7.916635513305664	incorrect
John thinks about himself changes that cabinet .	8.181452751159668	John thinks about himself changing that cabinet .	7.71082067489624	correct
Laura thinks about herself changes that cabinet .	8.052303314208984	Laura thinks about herself changing that cabinet .	7.589085578918457	correct
Robert thought about himself moved this mirror .	7.848759174346924	Robert thought about himself moving this mirror .	7.106156349182129	correct
Sarah thought about herself moved this mirror .	8.140052795410156	Sarah thought about herself moving this mirror .	7.523772239685059	correct
Robert thought about himself looks at this mirror .	6.6115875244140625	Robert thought about himself looking at this mirror .	5.8348283767700195	correct
Sarah thought about herself looks at this mirror .	6.913058757781982	Sarah thought about herself looking at this mirror .	5.821225166320801	correct
Edward did not think about himself read that bear .	5.496813774108887	Edward did not think about himself reading that bear .	5.405560493469238	correct
Sarah did not think about herself read that bear .	5.886007785797119	Sarah did not think about herself reading that bear .	5.899772644042969	incorrect
Edward did not think about himself sees that bear .	5.91293478012085	Edward did not think about himself seeing that bear .	5.397563457489014	correct
Sarah did not think about herself sees that bear .	6.3734564781188965	Sarah did not think about herself seeing that bear .	5.9397101402282715	correct
Richard did not think about himself moved this mirror .	6.111888408660889	Richard did not think about himself moving this mirror .	5.733306407928467	correct
Sarah did not think about herself moved this mirror .	6.782638072967529	Sarah did not think about herself moving this mirror .	6.371805667877197	correct
Richard did not think about himself takes this mirror .	6.572979927062988	Richard did not think about himself taking this mirror .	5.807962417602539	correct
Sarah did not think about herself takes this mirror .	7.242295742034912	Sarah did not think about herself taking this mirror .	6.396232604980469	correct
Chris must think about himself moved that whale .	8.183783531188965	Chris must think about himself moving that whale .	7.2314133644104	correct
Anne must think about herself moved that whale .	7.9379096031188965	Anne must think about herself moving that whale .	7.195465087890625	correct
Chris must think about himself changes that whale .	7.734114170074463	Chris must think about himself changing that whale .	7.33388090133667	correct
Anne must think about herself changes that whale .	7.701272010803223	Anne must think about herself changing that whale .	7.449942588806152	correct
William must think about himself lived in a ball .	6.478638648986816	William must think about himself living in a ball .	6.272621154785156	correct
Sarah must think about herself lived in a ball .	6.248087406158447	Sarah must think about herself living in a ball .	5.834987163543701	correct
William must think about himself shows off a ball .	7.564576148986816	William must think about himself showing off a ball .	7.054577827453613	correct
Sarah must think about herself shows off a ball .	7.453282356262207	Sarah must think about herself showing off a ball .	6.595869541168213	correct
Henry must think about himself lived in some label .	6.504612922668457	Henry must think about himself living in some label .	6.254688739776611	correct
Anne must think about herself lived in some label .	7.249259948730469	Anne must think about herself living in some label .	6.771487712860107	correct
Henry must think about himself runs to some label .	7.092616558074951	Henry must think about himself running to some label .	6.798844337463379	correct
Anne must think about herself runs to some label .	7.453090190887451	Anne must think about herself running to some label .	7.224420070648193	correct
Obama thinks about himself called some back .	7.744833469390869	Obama thinks about himself calling some back .	7.3421311378479	correct
Maria thinks about herself called some back .	7.433363914489746	Maria thinks about herself calling some back .	6.895583629608154	correct
Obama thinks about himself turns some back .	7.91536283493042	Obama thinks about himself turning some back .	7.190408706665039	correct
Maria thinks about herself turns some back .	7.7384843826293945	Maria thinks about herself turning some back .	6.702019214630127	correct
Carter did not think about himself served the plan .	6.81624174118042	Carter did not think about himself serving the plan .	6.894221782684326	incorrect
Maria did not think about herself served the plan .	5.896243572235107	Maria did not think about herself serving the plan .	5.8000688552856445	correct
Carter did not think about himself changes the plan .	6.709507942199707	Carter did not think about himself changing the plan .	6.328540325164795	correct
Maria did not think about herself changes the plan .	5.970038414001465	Maria did not think about herself changing the plan .	5.455062389373779	correct
Obama must think about himself called that apple .	7.177838325500488	Obama must think about himself calling that apple .	7.324373722076416	incorrect
Laura must think about herself called that apple .	6.998852729797363	Laura must think about herself calling that apple .	7.076568126678467	incorrect
Obama must think about himself studies that apple .	8.181279182434082	Obama must think about himself studying that apple .	7.498615264892578	correct
Laura must think about herself studies that apple .	7.79500675201416	Laura must think about herself studying that apple .	7.273080348968506	correct
Obama must think about himself put away this sky .	6.986153602600098	Obama must think about himself putting away this sky .	7.074192523956299	incorrect
Laura must think about herself put away this sky .	6.634788513183594	Laura must think about herself putting away this sky .	6.756575107574463	incorrect
Obama must think about himself studies this sky .	8.087191581726074	Obama must think about himself studying this sky .	7.239810466766357	correct
Laura must think about herself studies this sky .	7.914819717407227	Laura must think about herself studying this sky .	7.177777290344238	correct
Carter did not think about himself served the media .	7.1468095779418945	Carter did not think about himself serving the media .	7.163243293762207	incorrect
Laura did not think about herself served the media .	6.577566146850586	Laura did not think about herself serving the media .	6.24446964263916	correct
Carter did not think about himself depends the media .	7.591357707977295	Carter did not think about himself depending the media .	7.576089382171631	correct
Laura did not think about herself depends the media .	6.959847927093506	Laura did not think about herself depending the media .	6.8480401039123535	correct
Alexander thinks about himself ran to the bird .	6.485339641571045	Alexander thinks about himself running to the bird .	6.120948314666748	correct
Sarah thinks about herself ran to the bird .	6.8397979736328125	Sarah thinks about herself running to the bird .	6.303023338317871	correct
Alexander thinks about himself shows off the bird .	7.037233352661133	Alexander thinks about himself showing off the bird .	6.314857006072998	correct
Sarah thinks about herself shows off the bird .	7.600111484527588	Sarah thinks about herself showing off the bird .	6.500931739807129	correct
Joseph must not think about himself ran to a home .	6.958287239074707	Joseph must not think about himself running to a home .	6.714117050170898	correct
Laura must not think about herself ran to a home .	6.306025981903076	Laura must not think about herself running to a home .	5.949588775634766	correct
Joseph must not think about himself plans a home .	7.565536022186279	Joseph must not think about himself planning a home .	7.205043792724609	correct
Laura must not think about herself plans a home .	7.106543064117432	Laura must not think about herself planning a home .	6.339611530303955	correct
Richard thinks about himself read some procedure .	7.708248615264893	Richard thinks about himself reading some procedure .	7.369054317474365	correct
Sarah thinks about herself read some procedure .	8.508804321289062	Sarah thinks about herself reading some procedure .	8.059532165527344	correct
Richard thinks about himself goes to some procedure .	7.456682205200195	Richard thinks about himself going to some procedure .	6.869647979736328	correct
Sarah thinks about herself goes to some procedure .	8.121993064880371	Sarah thinks about herself going to some procedure .	7.500195026397705	correct
Bill thinks about himself set up this color .	6.89204740524292	Bill thinks about himself setting up this color .	6.989010334014893	incorrect
Sarah thinks about herself set up this color .	7.029166221618652	Sarah thinks about herself setting up this color .	7.093667507171631	incorrect
Bill thinks about himself goes to this color .	7.112375259399414	Bill thinks about himself going to this color .	6.597471714019775	correct
Sarah thinks about herself goes to this color .	7.126247882843018	Sarah thinks about herself going to this color .	6.642725944519043	correct
Alexander thought about himself ran to the baby .	6.1194634437561035	Alexander thought about himself running to the baby .	5.729630470275879	correct
Maria thought about herself ran to the baby .	6.463627815246582	Maria thought about herself running to the baby .	5.917818069458008	correct
Alexander thought about himself plans the baby .	7.512185096740723	Alexander thought about himself planning the baby .	6.514798164367676	correct
Maria thought about herself plans the baby .	7.880867004394531	Maria thought about herself planning the baby .	6.755032539367676	correct
Sam must not think about himself lived in this general .	6.3247833251953125	Sam must not think about himself living in this general .	6.142553806304932	correct
Anne must not think about herself lived in this general .	6.54683780670166	Anne must not think about herself living in this general .	6.314777374267578	correct
Sam must not think about himself studies this general .	7.40755558013916	Sam must not think about himself studying this general .	6.863858222961426	correct
Anne must not think about herself studies this general .	7.349713325500488	Anne must not think about herself studying this general .	6.9803080558776855	correct
Robert did not think about himself covered some drop .	6.590734481811523	Robert did not think about himself covering some drop .	6.764254570007324	incorrect
Maria did not think about herself covered some drop .	6.393885612487793	Maria did not think about herself covering some drop .	6.52895975112915	incorrect
Robert did not think about himself shows off some drop .	6.991049766540527	Robert did not think about himself showing off some drop .	6.450099945068359	correct
Maria did not think about herself shows off some drop .	6.923482894897461	Maria did not think about herself showing off some drop .	6.306260108947754	correct
Gregory thinks about himself called this color .	7.75839900970459	Gregory thinks about himself calling this color .	7.840052127838135	incorrect
Anne thinks about herself called this color .	7.61769962310791	Anne thinks about herself calling this color .	7.814600944519043	incorrect
Gregory thinks about himself goes to this color .	7.308587551116943	Gregory thinks about himself going to this color .	6.933665752410889	correct
Anne thinks about herself goes to this color .	7.1414031982421875	Anne thinks about herself going to this color .	6.795207977294922	correct
Roger could think about himself moved some camera .	8.12531566619873	Roger could think about himself moving some camera .	7.399951457977295	correct
Anne could think about herself moved some camera .	7.841691017150879	Anne could think about herself moving some camera .	7.14811897277832	correct
Roger could think about himself makes some camera .	7.989488124847412	Roger could think about himself making some camera .	7.4714837074279785	correct
Anne could think about herself makes some camera .	7.445230960845947	Anne could think about herself making some camera .	7.249128818511963	correct
Roger must not think about himself read that growth .	7.7002105712890625	Roger must not think about himself reading that growth .	7.544888019561768	correct
Maria must not think about herself read that growth .	6.973562717437744	Maria must not think about herself reading that growth .	6.913774013519287	correct
Roger must not think about himself plans that growth .	8.039505004882812	Roger must not think about himself planning that growth .	7.736016750335693	correct
Maria must not think about herself plans that growth .	7.622011661529541	Maria must not think about herself planning that growth .	7.163846015930176	correct
Sam must not think about himself lived in that media .	6.904446601867676	Sam must not think about himself living in that media .	6.692241191864014	correct
Anne must not think about herself lived in that media .	7.081387042999268	Anne must not think about herself living in that media .	6.7718825340271	correct
Sam must not think about himself studies that media .	7.7442626953125	Sam must not think about himself studying that media .	7.512773513793945	correct
Anne must not think about herself studies that media .	7.644293308258057	Anne must not think about herself studying that media .	7.581368923187256	correct
Carter must not think about himself tried this fuel .	8.220088958740234	Carter must not think about himself trying this fuel .	8.022856712341309	correct
Anne must not think about herself tried this fuel .	7.7141313552856445	Anne must not think about herself trying this fuel .	7.506842136383057	correct
Carter must not think about himself covers this fuel .	8.236522674560547	Carter must not think about himself covering this fuel .	8.013781547546387	correct
Anne must not think about herself covers this fuel .	7.599456787109375	Anne must not think about herself covering this fuel .	7.474556922912598	correct
Donald thought about himself tried the access .	8.301345825195312	Donald thought about himself trying the access .	8.113691329956055	correct
Maria thought about herself tried the access .	7.844120025634766	Maria thought about herself trying the access .	7.461832523345947	correct
Donald thought about himself depends the access .	9.119619369506836	Donald thought about himself depending the access .	9.117362022399902	correct
Maria thought about herself depends the access .	8.269119262695312	Maria thought about herself depending the access .	7.953208923339844	correct
Alexander could think about himself called this whale .	7.05584192276001	Alexander could think about himself calling this whale .	7.17217493057251	incorrect
Laura could think about herself called this whale .	7.1709442138671875	Laura could think about herself calling this whale .	7.211857795715332	incorrect
Alexander could think about himself moves this whale .	8.092575073242188	Alexander could think about himself moving this whale .	7.2295403480529785	correct
Laura could think about herself moves this whale .	8.114072799682617	Laura could think about herself moving this whale .	7.259413719177246	correct
Joseph could think about himself ran to some memory .	8.094655990600586	Joseph could think about himself running to some memory .	7.905933856964111	correct
Maria could think about herself ran to some memory .	7.4923834800720215	Maria could think about herself running to some memory .	7.212960720062256	correct
Joseph could think about himself gets some memory .	8.07609748840332	Joseph could think about himself getting some memory .	7.5399322509765625	correct
Maria could think about herself gets some memory .	7.370604515075684	Maria could think about herself getting some memory .	6.792886734008789	correct
Joseph did not think about himself put away that scale .	6.532256603240967	Joseph did not think about himself putting away that scale .	6.4932146072387695	correct
Sarah did not think about herself put away that scale .	5.823889255523682	Sarah did not think about herself putting away that scale .	5.970098495483398	incorrect
Joseph did not think about himself tests that scale .	7.359894752502441	Joseph did not think about himself testing that scale .	7.101263046264648	correct
Sarah did not think about herself tests that scale .	6.866964817047119	Sarah did not think about herself testing that scale .	6.491200923919678	correct
William must think about himself covered that camera .	7.292612552642822	William must think about himself covering that camera .	7.439002990722656	incorrect
Laura must think about herself covered that camera .	7.087595462799072	Laura must think about herself covering that camera .	7.165493965148926	incorrect
William must think about himself records that camera .	8.031271934509277	William must think about himself recording that camera .	7.40188455581665	correct
Laura must think about herself records that camera .	7.940382957458496	Laura must think about herself recording that camera .	7.060215950012207	correct
Louis did not think about himself called a night .	6.066339015960693	Louis did not think about himself calling a night .	6.02740478515625	correct
Anne did not think about herself called a night .	6.597287654876709	Anne did not think about herself calling a night .	6.662022590637207	incorrect
Louis did not think about himself goes to a night .	5.701211929321289	Louis did not think about himself going to a night .	5.309527397155762	correct
Anne did not think about herself goes to a night .	6.3063645362854	Anne did not think about herself going to a night .	5.76974630355835	correct
Louis could think about himself ran to some valley .	6.929878234863281	Louis could think about himself running to some valley .	6.618751525878906	correct
Maria could think about herself ran to some valley .	7.252786159515381	Maria could think about herself running to some valley .	6.954159736633301	correct
Louis could think about himself records some valley .	8.358006477355957	Louis could think about himself recording some valley .	7.674315452575684	correct
Maria could think about herself records some valley .	8.604660987854004	Maria could think about herself recording some valley .	8.01137638092041	correct
Philip did not think about himself read that memory .	6.457364559173584	Philip did not think about himself reading that memory .	6.248972415924072	correct
Sarah did not think about herself read that memory .	6.20546293258667	Sarah did not think about herself reading that memory .	6.0821380615234375	correct
Philip did not think about himself makes that memory .	6.849717617034912	Philip did not think about himself making that memory .	6.427589416503906	correct
Sarah did not think about herself makes that memory .	6.799607276916504	Sarah did not think about herself making that memory .	6.351834774017334	correct
Taylor must not think about himself set up the truck .	6.010867118835449	Taylor must not think about himself setting up the truck .	5.994403839111328	correct
Anne must not think about herself set up the truck .	6.405826568603516	Anne must not think about herself setting up the truck .	6.366222381591797	correct
Taylor must not think about himself makes the truck .	6.754161834716797	Taylor must not think about himself making the truck .	6.359231948852539	correct
Anne must not think about herself makes the truck .	6.942748546600342	Anne must not think about herself making the truck .	6.859991550445557	correct
Philip must not think about himself set up a game .	6.212064266204834	Philip must not think about himself setting up a game .	6.301418304443359	incorrect
Sarah must not think about herself set up a game .	5.939846038818359	Sarah must not think about herself setting up a game .	6.073043346405029	incorrect
Philip must not think about himself records a game .	7.738640785217285	Philip must not think about himself recording a game .	6.8632049560546875	correct
Sarah must not think about herself records a game .	7.547694683074951	Sarah must not think about herself recording a game .	6.495708465576172	correct
John must think about himself served some hill .	8.21548843383789	John must think about himself serving some hill .	7.910634994506836	correct
Anne must think about herself served some hill .	7.913806438446045	Anne must think about herself serving some hill .	7.65608549118042	correct
John must think about himself studies some hill .	8.663688659667969	John must think about himself studying some hill .	7.863251686096191	correct
Anne must think about herself studies some hill .	7.95059871673584	Anne must think about herself studying some hill .	7.488298416137695	correct
Philip could think about himself tried this drop .	7.665110111236572	Philip could think about himself trying this drop .	7.599442481994629	correct
Anne could think about herself tried this drop .	7.884711265563965	Anne could think about herself trying this drop .	7.760844707489014	correct
Philip could think about himself gets this drop .	7.7475128173828125	Philip could think about himself getting this drop .	7.166991233825684	correct
Anne could think about herself gets this drop .	7.785937786102295	Anne could think about herself getting this drop .	7.4546990394592285	correct
Philip thought about himself put away that back .	6.883947849273682	Philip thought about himself putting away that back .	6.802875995635986	correct
Maria thought about herself put away that back .	6.371689796447754	Maria thought about herself putting away that back .	6.529362201690674	incorrect
Philip thought about himself calls that back .	8.340644836425781	Philip thought about himself calling that back .	7.428860187530518	correct
Maria thought about herself calls that back .	8.056343078613281	Maria thought about herself calling that back .	6.973128318786621	correct
Allen must not think about himself moved that couple .	8.011809349060059	Allen must not think about himself moving that couple .	7.615750312805176	correct
Laura must not think about herself moved that couple .	7.233057498931885	Laura must not think about herself moving that couple .	6.72823429107666	correct
Allen must not think about himself turns that couple .	8.114442825317383	Allen must not think about himself turning that couple .	7.682851314544678	correct
Laura must not think about herself turns that couple .	7.239131450653076	Laura must not think about herself turning that couple .	6.733628273010254	correct
Philip thought about himself called some cast .	8.25193977355957	Philip thought about himself calling some cast .	8.110644340515137	correct
Sarah thought about herself called some cast .	7.974315166473389	Sarah thought about herself calling some cast .	7.68352746963501	correct
Philip thought about himself goes to some cast .	7.961151123046875	Philip thought about himself going to some cast .	7.221383094787598	correct
Sarah thought about herself goes to some cast .	7.564910888671875	Sarah thought about herself going to some cast .	6.749959468841553	correct
Bill thought about himself served that plan .	8.313155174255371	Bill thought about himself serving that plan .	8.36774730682373	incorrect
Anne thought about herself served that plan .	7.5883893966674805	Anne thought about herself serving that plan .	7.665295600891113	incorrect
Bill thought about himself shows off that plan .	8.497459411621094	Bill thought about himself showing off that plan .	7.710055828094482	correct
Anne thought about herself shows off that plan .	7.849711894989014	Anne thought about herself showing off that plan .	7.224302768707275	correct
Louis could think about himself ran to this rock .	6.8286285400390625	Louis could think about himself running to this rock .	6.417752265930176	correct
Sarah could think about herself ran to this rock .	6.9303789138793945	Sarah could think about herself running to this rock .	6.450893402099609	correct
Louis could think about himself stands this rock .	7.617856502532959	Louis could think about himself standing this rock .	6.896597862243652	correct
Sarah could think about herself stands this rock .	7.990358352661133	Sarah could think about herself standing this rock .	7.326061725616455	correct
Ben must not think about himself lived in the memory .	6.8290228843688965	Ben must not think about himself living in the memory .	6.481597423553467	correct
Maria must not think about herself lived in the memory .	6.155577182769775	Maria must not think about herself living in the memory .	5.781874179840088	correct
Ben must not think about himself takes the memory .	7.225940227508545	Ben must not think about himself taking the memory .	6.800714015960693	correct
Maria must not think about herself takes the memory .	6.643812656402588	Maria must not think about herself taking the memory .	6.276786804199219	correct
Roger could think about himself read this growth .	7.937160015106201	Roger could think about himself reading this growth .	7.900569915771484	correct
Maria could think about herself read this growth .	7.452971458435059	Maria could think about herself reading this growth .	7.453422546386719	incorrect
Roger could think about himself looks at this growth .	7.5473952293396	Roger could think about himself looking at this growth .	6.952674865722656	correct
Maria could think about herself looks at this growth .	7.232266426086426	Maria could think about herself looking at this growth .	6.596991062164307	correct
Taylor must not think about himself tried the picture .	6.673443794250488	Taylor must not think about himself trying the picture .	6.533061504364014	correct
Sarah must not think about herself tried the picture .	6.610713958740234	Sarah must not think about herself trying the picture .	6.443814754486084	correct
Taylor must not think about himself stands the picture .	7.042817115783691	Taylor must not think about himself standing the picture .	6.576534271240234	correct
Sarah must not think about herself stands the picture .	6.907012939453125	Sarah must not think about herself standing the picture .	6.331787109375	correct
Simon thought about himself put away some access .	7.542428970336914	Simon thought about himself putting away some access .	7.4944305419921875	correct
Maria thought about herself put away some access .	6.627547264099121	Maria thought about herself putting away some access .	6.748780250549316	incorrect
Simon thought about himself plans some access .	9.538604736328125	Simon thought about himself planning some access .	8.76312255859375	correct
Maria thought about herself plans some access .	8.46396541595459	Maria thought about herself planning some access .	7.717203140258789	correct
Joseph thought about himself moved this valley .	8.30741024017334	Joseph thought about himself moving this valley .	7.8120880126953125	correct
Maria thought about herself moved this valley .	7.639298439025879	Maria thought about herself moving this valley .	7.047119140625	correct
Joseph thought about himself stands this valley .	8.702198028564453	Joseph thought about himself standing this valley .	8.00761604309082	correct
Maria thought about herself stands this valley .	8.135560989379883	Maria thought about herself standing this valley .	7.2432708740234375	correct
Alexander thought about himself lived in that memory .	6.556886196136475	Alexander thought about himself living in that memory .	6.296553134918213	correct
Sarah thought about herself lived in that memory .	7.23140811920166	Sarah thought about herself living in that memory .	6.698271751403809	correct
Alexander thought about himself turns that memory .	7.801584243774414	Alexander thought about himself turning that memory .	6.876197814941406	correct
Sarah thought about herself turns that memory .	8.536466598510742	Sarah thought about herself turning that memory .	7.373530864715576	correct
Ben thinks about himself put away a growth .	8.168048858642578	Ben thinks about himself putting away a growth .	8.237787246704102	incorrect
Laura thinks about herself put away a growth .	7.27762508392334	Laura thinks about herself putting away a growth .	7.371152400970459	incorrect
Ben thinks about himself runs to a growth .	8.64763069152832	Ben thinks about himself running to a growth .	8.575370788574219	correct
Laura thinks about herself runs to a growth .	8.18075942993164	Laura thinks about herself running to a growth .	7.80470085144043	correct
Robert must not think about himself served this night .	7.453835487365723	Robert must not think about himself serving this night .	7.178346157073975	correct
Sarah must not think about herself served this night .	7.1938982009887695	Sarah must not think about herself serving this night .	6.944125652313232	correct
Robert must not think about himself sees this night .	7.307944297790527	Robert must not think about himself seeing this night .	6.93881368637085	correct
Sarah must not think about herself sees this night .	6.916633605957031	Sarah must not think about herself seeing this night .	6.674138069152832	correct
Donald could think about himself tried a general .	7.610592365264893	Donald could think about himself trying a general .	7.2954792976379395	correct
Donald could think about himself depends a general .	8.1839017868042	Donald could think about himself depending a general .	7.7281813621521	correct
Maria could think about herself depends a general .	7.754200458526611	Maria could think about herself depending a general .	7.357004642486572	correct
Louis did not think about himself served a dance .	6.04546594619751	Louis did not think about himself serving a dance .	5.598241329193115	correct
Maria did not think about herself served a dance .	6.091930389404297	Maria did not think about herself serving a dance .	5.692040920257568	correct
Louis did not think about himself starts a dance .	5.961889743804932	Louis did not think about himself starting a dance .	5.344760894775391	correct
Maria did not think about herself starts a dance .	6.079884052276611	Maria did not think about herself starting a dance .	5.55535888671875	correct
Obama must not think about himself served the mind .	7.372560024261475	Obama must not think about himself serving the mind .	6.995045185089111	correct
Laura must not think about herself served the mind .	7.020252704620361	Laura must not think about herself serving the mind .	6.408182144165039	correct
Obama must not think about himself covers the mind .	6.905834197998047	Obama must not think about himself covering the mind .	6.68831729888916	correct
Laura must not think about herself covers the mind .	6.505443096160889	Laura must not think about herself covering the mind .	6.210526466369629	correct
Michael thinks about himself lived in the dinner .	6.566425323486328	Michael thinks about himself living in the dinner .	6.248927593231201	correct
Maria thinks about herself lived in the dinner .	6.482353210449219	Maria thinks about herself living in the dinner .	6.0336594581604	correct
Michael thinks about himself looks at the dinner .	6.012197971343994	Michael thinks about himself looking at the dinner .	5.519006729125977	correct
Maria thinks about herself looks at the dinner .	6.2351298332214355	Maria thinks about herself looking at the dinner .	5.612946510314941	correct
Gregory must think about himself covered some lady .	7.867679119110107	Gregory must think about himself covering some lady .	7.870263576507568	incorrect
Laura must think about herself covered some lady .	7.297403335571289	Laura must think about herself covering some lady .	7.253920555114746	correct
Gregory must think about himself changes some lady .	8.023591995239258	Gregory must think about himself changing some lady .	7.8050456047058105	correct
Laura must think about herself changes some lady .	7.509981155395508	Laura must think about herself changing some lady .	7.178403854370117	correct
Taylor thinks about himself lived in the fuel .	7.45579719543457	Taylor thinks about himself living in the fuel .	6.943564414978027	correct
Maria thinks about herself lived in the fuel .	6.805120944976807	Maria thinks about herself living in the fuel .	6.310356140136719	correct
Taylor thinks about himself studies the fuel .	8.542022705078125	Taylor thinks about himself studying the fuel .	7.928133487701416	correct
Maria thinks about herself studies the fuel .	7.9292755126953125	Maria thinks about herself studying the fuel .	7.491800308227539	correct
Taylor thinks about himself called that scale .	7.792522430419922	Taylor thinks about himself calling that scale .	7.863718509674072	incorrect
Laura thinks about herself called that scale .	7.669068336486816	Laura thinks about herself calling that scale .	7.705793380737305	incorrect
Taylor thinks about himself turns that scale .	8.085158348083496	Taylor thinks about himself turning that scale .	7.260902404785156	correct
Laura thinks about herself turns that scale .	7.627134323120117	Laura thinks about herself turning that scale .	6.960698127746582	correct
Edward thought about himself tried a drop .	6.684390068054199	Edward thought about himself trying a drop .	6.314347267150879	correct
Sarah thought about herself tried a drop .	7.937651634216309	Sarah thought about herself trying a drop .	7.463123798370361	correct
Edward thought about himself turns a drop .	7.056373596191406	Edward thought about himself turning a drop .	6.16600227355957	correct
Sarah thought about herself turns a drop .	8.009052276611328	Sarah thought about herself turning a drop .	7.062631607055664	correct
Richard could think about himself tried that home .	6.914061546325684	Richard could think about himself trying that home .	6.8212714195251465	correct
Maria could think about herself tried that home .	7.636710166931152	Maria could think about herself trying that home .	7.433949947357178	correct
Richard could think about himself plans that home .	7.406516075134277	Richard could think about himself planning that home .	7.0802130699157715	correct
Maria could think about herself plans that home .	7.9683837890625	Maria could think about herself planning that home .	7.509448528289795	correct
William thinks about himself called the bear .	7.04477596282959	William thinks about himself calling the bear .	7.379660129547119	incorrect
Sarah thinks about herself called the bear .	7.2149200439453125	Sarah thinks about herself calling the bear .	7.383838176727295	incorrect
William thinks about himself looks at the bear .	6.5573883056640625	William thinks about himself looking at the bear .	6.142573833465576	correct
Sarah thinks about herself looks at the bear .	6.9517083168029785	Sarah thinks about herself looking at the bear .	6.071844100952148	correct
Gregory thought about himself ran to a whale .	7.580755710601807	Gregory thought about himself running to a whale .	7.163031101226807	correct
Anne thought about herself ran to a whale .	7.025768756866455	Anne thought about herself running to a whale .	6.597776889801025	correct
Gregory thought about himself tests a whale .	8.685606002807617	Gregory thought about himself testing a whale .	8.163556098937988	correct
Anne thought about herself tests a whale .	8.3341703414917	Anne thought about herself testing a whale .	7.930362701416016	correct
William thought about himself served that scale .	7.785376071929932	William thought about himself serving that scale .	7.663833141326904	correct
Sarah thought about herself served that scale .	8.32418441772461	Sarah thought about herself serving that scale .	8.001956939697266	correct
William thought about himself goes to that scale .	7.01642370223999	William thought about himself going to that scale .	6.830054759979248	correct
Sarah thought about herself goes to that scale .	7.058836460113525	Sarah thought about herself going to that scale .	6.525213718414307	correct
Louis thinks about himself moved some stand .	7.659122467041016	Louis thinks about himself moving some stand .	6.845540523529053	correct
Sarah thinks about herself moved some stand .	8.395771980285645	Sarah thinks about herself moving some stand .	7.7491230964660645	correct
Louis thinks about himself makes some stand .	7.053581237792969	Louis thinks about himself making some stand .	6.537897109985352	correct
Sarah thinks about herself makes some stand .	7.834729194641113	Sarah thinks about herself making some stand .	7.256316184997559	correct
Mark could think about himself put away this bird .	7.171538352966309	Mark could think about himself putting away this bird .	7.146949768066406	correct
Sarah could think about herself put away this bird .	6.62208890914917	Sarah could think about herself putting away this bird .	6.709017276763916	incorrect
Mark could think about himself covers this bird .	8.317183494567871	Mark could think about himself covering this bird .	7.907788276672363	correct
Sarah could think about herself covers this bird .	7.5066819190979	Sarah could think about herself covering this bird .	7.13525915145874	correct
Joseph did not think about himself called a bird .	6.133345127105713	Joseph did not think about himself calling a bird .	6.354276180267334	incorrect
Anne did not think about herself called a bird .	5.916544437408447	Anne did not think about herself calling a bird .	6.0949225425720215	incorrect
Joseph did not think about himself shows off a bird .	7.077818870544434	Joseph did not think about himself showing off a bird .	6.565620422363281	correct
Anne did not think about herself shows off a bird .	6.607569217681885	Anne did not think about herself showing off a bird .	6.030675888061523	correct
Sam thinks about himself read this camera .	7.198296070098877	Sam thinks about himself reading this camera .	6.868360996246338	correct
Maria thinks about herself read this camera .	6.684743404388428	Maria thinks about herself reading this camera .	6.336352348327637	correct
Sam thinks about himself makes this camera .	8.01110553741455	Sam thinks about himself making this camera .	7.352154731750488	correct
Maria thinks about herself makes this camera .	7.384848117828369	Maria thinks about herself making this camera .	6.799829483032227	correct
Obama thinks about himself moved that lady .	7.806585788726807	Obama thinks about himself moving that lady .	7.201167583465576	correct
Sarah thinks about herself moved that lady .	8.290121078491211	Sarah thinks about herself moving that lady .	7.443286895751953	correct
Obama thinks about himself gets that lady .	7.499183654785156	Obama thinks about himself getting that lady .	7.410038471221924	correct
Sarah thinks about herself gets that lady .	7.871294975280762	Sarah thinks about herself getting that lady .	7.490050792694092	correct
Edward must think about himself set up the rock .	5.9226975440979	Edward must think about himself setting up the rock .	6.030403137207031	incorrect
Anne must think about herself set up the rock .	6.3593926429748535	Anne must think about herself setting up the rock .	6.431060791015625	incorrect
Edward must think about himself takes the rock .	7.012545108795166	Edward must think about himself taking the rock .	6.405900955200195	correct
Anne must think about herself takes the rock .	7.548452854156494	Anne must think about herself taking the rock .	7.079445838928223	correct
Edward must not think about himself read this boom .	6.799801826477051	Edward must not think about himself reading this boom .	6.7052001953125	correct
Anne must not think about herself read this boom .	7.347975254058838	Anne must not think about herself reading this boom .	7.32568883895874	correct
Edward must not think about himself looks at this boom .	6.340638637542725	Edward must not think about himself looking at this boom .	5.916137218475342	correct
Anne must not think about herself looks at this boom .	6.652194976806641	Anne must not think about herself looking at this boom .	6.288460731506348	correct
Chris must think about himself covered that bank .	7.689133644104004	Chris must think about himself covering that bank .	7.73534631729126	incorrect
Sarah must think about herself covered that bank .	7.334805011749268	Sarah must think about herself covering that bank .	7.46364688873291	incorrect
Chris must think about himself sees that bank .	7.913547039031982	Chris must think about himself seeing that bank .	7.549751281738281	correct
Sarah must think about herself sees that bank .	7.689151287078857	Sarah must think about herself seeing that bank .	7.268734455108643	correct
Carter must think about himself lived in a mirror .	6.993675231933594	Carter must think about himself living in a mirror .	6.675693511962891	correct
Maria must think about herself lived in a mirror .	6.020938396453857	Maria must think about herself living in a mirror .	5.472625732421875	correct
Carter must think about himself records a mirror .	8.82044506072998	Carter must think about himself recording a mirror .	7.994434833526611	correct
Maria must think about herself records a mirror .	8.085855484008789	Maria must think about herself recording a mirror .	7.075632572174072	correct
Ben did not think about himself read a color .	5.891470909118652	Ben did not think about himself reading a color .	5.6566362380981445	correct
Anne did not think about herself read a color .	6.354135036468506	Anne did not think about herself reading a color .	6.1223320960998535	correct
Ben did not think about himself shows off a color .	6.53484582901001	Ben did not think about himself showing off a color .	5.587365627288818	correct
Anne did not think about herself shows off a color .	6.818958282470703	Anne did not think about herself showing off a color .	6.0897040367126465	correct
Taylor thinks about himself read a tradition .	7.608572959899902	Taylor thinks about himself reading a tradition .	7.009026527404785	correct
Maria thinks about herself read a tradition .	6.931918144226074	Maria thinks about herself reading a tradition .	6.413466453552246	correct
Taylor thinks about himself changes a tradition .	7.5028557777404785	Taylor thinks about himself changing a tradition .	7.110753536224365	correct
Maria thinks about herself changes a tradition .	6.988190650939941	Maria thinks about herself changing a tradition .	6.6982622146606445	correct
Donald must think about himself covered the stadium .	7.2277984619140625	Donald must think about himself covering the stadium .	7.1215972900390625	correct
Sarah must think about herself covered the stadium .	7.05961799621582	Sarah must think about herself covering the stadium .	7.039555072784424	correct
Donald must think about himself records the stadium .	8.441055297851562	Donald must think about himself recording the stadium .	7.28297233581543	correct
Sarah must think about herself records the stadium .	8.00498104095459	Sarah must think about herself recording the stadium .	7.078436851501465	correct
Taylor did not think about himself read a stand .	6.076368808746338	Taylor did not think about himself reading a stand .	5.903924465179443	correct
Sarah did not think about herself read a stand .	6.015204906463623	Sarah did not think about herself reading a stand .	5.9339213371276855	correct
Taylor did not think about himself takes a stand .	6.29047155380249	Taylor did not think about himself taking a stand .	5.560467720031738	correct
Sarah did not think about herself takes a stand .	6.434306621551514	Sarah did not think about herself taking a stand .	5.719664096832275	correct
Robert thought about himself tried that stand .	7.534623146057129	Robert thought about himself trying that stand .	7.199695110321045	correct
Sarah thought about herself tried that stand .	7.964798450469971	Sarah thought about herself trying that stand .	7.464609146118164	correct
Robert thought about himself stands that stand .	7.935628414154053	Robert thought about himself standing that stand .	7.346303462982178	correct
Sarah thought about herself stands that stand .	8.210424423217773	Sarah thought about herself standing that stand .	7.545639991760254	correct
Chris must think about himself ran to this boom .	7.690318584442139	Chris must think about himself running to this boom .	7.439326763153076	correct
Maria must think about herself ran to this boom .	7.271157264709473	Maria must think about herself running to this boom .	6.9572038650512695	correct
Chris must think about himself goes to this boom .	7.227999210357666	Chris must think about himself going to this boom .	6.985221862792969	correct
Maria must think about herself goes to this boom .	6.946179389953613	Maria must think about herself going to this boom .	6.596179485321045	correct
Obama must not think about himself set up that camera .	6.5333662033081055	Obama must not think about himself setting up that camera .	6.531110763549805	correct
Anne must not think about herself set up that camera .	6.592042446136475	Anne must not think about herself setting up that camera .	6.6054301261901855	incorrect
Obama must not think about himself changes that camera .	7.034003257751465	Obama must not think about himself changing that camera .	6.525094032287598	correct
Anne must not think about herself changes that camera .	7.205258369445801	Anne must not think about herself changing that camera .	6.906805515289307	correct
Richard could think about himself tried the movie .	6.424453258514404	Richard could think about himself trying the movie .	6.514530658721924	incorrect
Anne could think about herself tried the movie .	7.446812152862549	Anne could think about herself trying the movie .	7.380989074707031	correct
Richard could think about himself takes the movie .	6.701895236968994	Richard could think about himself taking the movie .	5.904820919036865	correct
Anne could think about herself takes the movie .	7.4163970947265625	Anne could think about herself taking the movie .	6.914933204650879	correct
Sam must not think about himself moved that couple .	7.253536701202393	Sam must not think about himself moving that couple .	6.797900199890137	correct
Sarah must not think about herself moved that couple .	7.10910177230835	Sarah must not think about herself moving that couple .	6.740220546722412	correct
Sam must not think about himself changes that couple .	7.230646133422852	Sam must not think about himself changing that couple .	6.935459136962891	correct
Sarah must not think about herself changes that couple .	7.026879787445068	Sarah must not think about herself changing that couple .	6.780821323394775	correct
Michael could think about himself ran to some book .	7.111799716949463	Michael could think about himself running to some book .	6.907444953918457	correct
Sarah could think about herself ran to some book .	7.039788722991943	Sarah could think about herself running to some book .	6.771152496337891	correct
Michael could think about himself goes to some book .	6.954333782196045	Michael could think about himself going to some book .	6.356491565704346	correct
Sarah could think about herself goes to some book .	6.960760593414307	Sarah could think about herself going to some book .	6.342133045196533	correct
Thomas thinks about himself moved a mind .	7.748675346374512	Thomas thinks about himself moving a mind .	7.309804916381836	correct
Sarah thinks about herself moved a mind .	8.135225296020508	Sarah thinks about herself moving a mind .	7.617155075073242	correct
Thomas thinks about himself calls a mind .	8.229056358337402	Thomas thinks about himself calling a mind .	7.606692314147949	correct
Sarah thinks about herself calls a mind .	8.716434478759766	Sarah thinks about herself calling a mind .	7.882350921630859	correct
Henry thinks about himself put away a rock .	5.819036960601807	Henry thinks about himself putting away a rock .	5.827701091766357	incorrect
Anne thinks about herself put away a rock .	6.835988998413086	Anne thinks about herself putting away a rock .	6.883079528808594	incorrect
Henry thinks about himself changes a rock .	6.567865371704102	Henry thinks about himself changing a rock .	6.051827907562256	correct
Anne thinks about herself changes a rock .	7.550236701965332	Anne thinks about herself changing a rock .	7.242751121520996	correct
Edward must not think about himself tried some color .	6.6325297355651855	Edward must not think about himself trying some color .	6.391429424285889	correct
Maria must not think about herself tried some color .	6.862459659576416	Maria must not think about herself trying some color .	6.670845985412598	correct
Edward must not think about himself moves some color .	7.107633113861084	Edward must not think about himself moving some color .	6.376042366027832	correct
Maria must not think about herself moves some color .	7.217556953430176	Maria must not think about herself moving some color .	6.433884620666504	correct
Carter thinks about himself tried some rock .	8.597333908081055	Carter thinks about himself trying some rock .	8.240840911865234	correct
Laura thinks about herself tried some rock .	8.166568756103516	Laura thinks about herself trying some rock .	7.709258079528809	correct
Carter thinks about himself moves some rock .	8.829092979431152	Carter thinks about himself moving some rock .	7.86906623840332	correct
Laura thinks about herself moves some rock .	8.269195556640625	Laura thinks about herself moving some rock .	7.156325340270996	correct
Donald did not think about himself read this scale .	6.070244789123535	Donald did not think about himself reading this scale .	5.851487159729004	correct
Laura did not think about herself read this scale .	5.4124321937561035	Laura did not think about herself reading this scale .	5.333068370819092	correct
Donald did not think about himself covers this scale .	6.625606060028076	Donald did not think about himself covering this scale .	6.237985610961914	correct
Laura did not think about herself covers this scale .	6.447686195373535	Laura did not think about herself covering this scale .	6.039186000823975	correct
Edward must not think about himself lived in this label .	6.1963958740234375	Edward must not think about himself living in this label .	6.036010265350342	correct
Maria must not think about herself lived in this label .	6.200735569000244	Maria must not think about herself living in this label .	5.836018085479736	correct
Edward must not think about himself stands this label .	7.163558483123779	Edward must not think about himself standing this label .	6.88496732711792	correct
Maria must not think about herself stands this label .	7.354607582092285	Maria must not think about herself standing this label .	6.915015697479248	correct
Henry thinks about himself covered the access .	7.069740295410156	Henry thinks about himself covering the access .	7.123490810394287	incorrect
Anne thinks about herself covered the access .	8.022834777832031	Anne thinks about herself covering the access .	8.195611000061035	incorrect
Henry thinks about himself turns the access .	7.162680149078369	Henry thinks about himself turning the access .	6.773616790771484	correct
Anne thinks about herself turns the access .	8.088791847229004	Anne thinks about herself turning the access .	7.775757789611816	correct
Richard could think about himself covered some back .	6.807070255279541	Richard could think about himself covering some back .	7.100403785705566	incorrect
Maria could think about herself covered some back .	7.496754169464111	Maria could think about herself covering some back .	7.702653884887695	incorrect
Richard could think about himself gets some back .	6.768321514129639	Richard could think about himself getting some back .	6.077768802642822	correct
Maria could think about herself gets some back .	7.397652626037598	Maria could think about herself getting some back .	6.719381809234619	correct
Michael must not think about himself called this book .	5.872509002685547	Michael must not think about himself calling this book .	6.0828351974487305	incorrect
Maria must not think about herself called this book .	6.345467567443848	Maria must not think about herself calling this book .	6.319268703460693	correct
Michael must not think about himself runs to this book .	6.409571170806885	Michael must not think about himself running to this book .	5.992376327514648	correct
Maria must not think about herself runs to this book .	6.647561073303223	Maria must not think about herself running to this book .	6.138803958892822	correct
Roger could think about himself put away the counter .	7.309014320373535	Roger could think about himself putting away the counter .	7.3154730796813965	incorrect
Anne could think about herself put away the counter .	6.5689873695373535	Anne could think about herself putting away the counter .	6.651072978973389	incorrect
Roger could think about himself stands the counter .	8.532490730285645	Roger could think about himself standing the counter .	7.729006290435791	correct
Anne could think about herself stands the counter .	7.684724807739258	Anne could think about herself standing the counter .	7.081024169921875	correct
Carter must think about himself read that picture .	7.082608699798584	Carter must think about himself reading that picture .	6.91158390045166	correct
Maria must think about herself read that picture .	6.097930908203125	Maria must think about herself reading that picture .	6.004555702209473	correct
Carter must think about himself stands that picture .	8.190872192382812	Carter must think about himself standing that picture .	7.604593753814697	correct
Maria must think about herself stands that picture .	7.350276470184326	Maria must think about herself standing that picture .	6.61536169052124	correct
Sam thought about himself covered a rock .	7.514989376068115	Sam thought about himself covering a rock .	7.56320858001709	incorrect
Sarah thought about herself covered a rock .	7.357047080993652	Sarah thought about herself covering a rock .	7.286157608032227	correct
Sam thought about himself looks at a rock .	7.099474906921387	Sam thought about himself looking at a rock .	6.375484466552734	correct
Sarah thought about herself looks at a rock .	6.91042423248291	Sarah thought about herself looking at a rock .	5.917550086975098	correct
Ben must think about himself set up the drop .	6.6650190353393555	Ben must think about himself setting up the drop .	6.887099266052246	incorrect
Sarah must think about herself set up the drop .	6.423051357269287	Sarah must think about herself setting up the drop .	6.560098171234131	incorrect
Ben must think about himself studies the drop .	8.358795166015625	Ben must think about himself studying the drop .	7.950469017028809	correct
Sarah must think about herself studies the drop .	7.777976036071777	Sarah must think about herself studying the drop .	7.272593975067139	correct
Philip did not think about himself tried the color .	6.450573921203613	Philip did not think about himself trying the color .	6.383391380310059	correct
Laura did not think about herself tried the color .	6.24558687210083	Laura did not think about herself trying the color .	6.072133541107178	correct
Philip did not think about himself tests the color .	7.022422790527344	Philip did not think about himself testing the color .	6.325364589691162	correct
Laura did not think about herself tests the color .	6.7280473709106445	Laura did not think about herself testing the color .	5.930747032165527	correct
John could think about himself moved some couple .	8.099398612976074	John could think about himself moving some couple .	7.388167381286621	correct
Maria could think about herself moved some couple .	7.856845378875732	Maria could think about herself moving some couple .	7.3199944496154785	correct
John could think about himself makes some couple .	8.046767234802246	John could think about himself making some couple .	7.605371475219727	correct
Maria could think about herself makes some couple .	8.033904075622559	Maria could think about herself making some couple .	7.477568626403809	correct
Donald must not think about himself lived in this couple .	6.910195827484131	Donald must not think about himself living in this couple .	6.628663063049316	correct
Sarah must not think about herself lived in this couple .	6.446763515472412	Sarah must not think about herself living in this couple .	6.0980353355407715	correct
Donald must not think about himself covers this couple .	7.520472049713135	Donald must not think about himself covering this couple .	7.4100189208984375	correct
Sarah must not think about herself covers this couple .	7.198955059051514	Sarah must not think about herself covering this couple .	7.0826416015625	correct
Carter thinks about himself set up the boom .	7.438565731048584	Carter thinks about himself setting up the boom .	7.5048370361328125	incorrect
Sarah thinks about herself set up the boom .	7.048326015472412	Sarah thinks about herself setting up the boom .	7.228111267089844	incorrect
Carter thinks about himself records the boom .	9.233469009399414	Carter thinks about himself recording the boom .	8.43069076538086	correct
Sarah thinks about herself records the boom .	9.092798233032227	Sarah thinks about herself recording the boom .	8.139620780944824	correct
Philip thinks about himself moved this bank .	8.597911834716797	Philip thinks about himself moving this bank .	7.843197345733643	correct
Maria thinks about herself moved this bank .	7.826723575592041	Maria thinks about herself moving this bank .	7.2195258140563965	correct
Philip thinks about himself makes this bank .	8.313827514648438	Philip thinks about himself making this bank .	7.6958537101745605	correct
Maria thinks about herself makes this bank .	7.691086769104004	Maria thinks about herself making this bank .	7.123223304748535	correct
Sam thinks about himself set up some rock .	6.910190582275391	Sam thinks about himself setting up some rock .	7.1155500411987305	incorrect
Maria thinks about herself set up some rock .	6.5684285163879395	Maria thinks about herself setting up some rock .	6.731162071228027	incorrect
Sam thinks about himself turns some rock .	8.25538158416748	Sam thinks about himself turning some rock .	7.524106025695801	correct
Maria thinks about herself turns some rock .	7.750903129577637	Maria thinks about herself turning some rock .	7.028786659240723	correct
Bill must think about himself called the drop .	7.567059516906738	Bill must think about himself calling the drop .	7.901042461395264	incorrect
Sarah must think about herself called the drop .	7.323091506958008	Sarah must think about herself calling the drop .	7.3365607261657715	incorrect
Bill must think about himself tests the drop .	8.36099624633789	Bill must think about himself testing the drop .	8.226304054260254	correct
Sarah must think about herself tests the drop .	7.869542598724365	Sarah must think about herself testing the drop .	7.577023029327393	correct
Roger thinks about himself read some sky .	8.291910171508789	Roger thinks about himself reading some sky .	7.962761878967285	correct
Sarah thinks about herself read some sky .	7.890570163726807	Sarah thinks about herself reading some sky .	7.669646263122559	correct
Roger thinks about himself tests some sky .	9.080263137817383	Roger thinks about himself testing some sky .	8.543330192565918	correct
Sarah thinks about herself tests some sky .	9.17251968383789	Sarah thinks about herself testing some sky .	8.513137817382812	correct
Roger thinks about himself covered some stadium .	8.960002899169922	Roger thinks about himself covering some stadium .	8.736997604370117	correct
Sarah thinks about herself covered some stadium .	9.325363159179688	Sarah thinks about herself covering some stadium .	9.123991012573242	correct
Roger thinks about himself tests some stadium .	9.392651557922363	Roger thinks about himself testing some stadium .	8.871808052062988	correct
Sarah thinks about herself tests some stadium .	9.928522109985352	Sarah thinks about herself testing some stadium .	9.345611572265625	correct
Bill must think about himself read some access .	7.98773717880249	Bill must think about himself reading some access .	7.7680511474609375	correct
Sarah must think about herself read some access .	7.217532634735107	Sarah must think about herself reading some access .	7.098265171051025	correct
Bill must think about himself sees some access .	8.400550842285156	Bill must think about himself seeing some access .	8.029163360595703	correct
Sarah must think about herself sees some access .	7.69362211227417	Sarah must think about herself seeing some access .	7.417115211486816	correct
Obama could think about himself served that mind .	7.720367431640625	Obama could think about himself serving that mind .	7.599450588226318	correct
Anne could think about herself served that mind .	7.714357376098633	Anne could think about herself serving that mind .	7.527687072753906	correct
Obama could think about himself goes to that mind .	7.1819071769714355	Obama could think about himself going to that mind .	6.854154109954834	correct
Anne could think about herself goes to that mind .	6.895047187805176	Anne could think about herself going to that mind .	6.514190673828125	correct
Joseph could think about himself served that stand .	8.366316795349121	Joseph could think about himself serving that stand .	8.205676078796387	correct
Maria could think about herself served that stand .	7.838503360748291	Maria could think about herself serving that stand .	7.63690710067749	correct
Joseph could think about himself depends that stand .	8.720728874206543	Joseph could think about himself depending that stand .	8.366089820861816	correct
Maria could think about herself depends that stand .	8.325088500976562	Maria could think about herself depending that stand .	8.006138801574707	correct
Gregory thinks about himself moved this apple .	8.337624549865723	Gregory thinks about himself moving this apple .	7.721282005310059	correct
Laura thinks about herself moved this apple .	8.128458023071289	Laura thinks about herself moving this apple .	7.047542572021484	correct
Gregory thinks about himself looks at this apple .	6.991424560546875	Gregory thinks about himself looking at this apple .	6.5256571769714355	correct
Laura thinks about herself looks at this apple .	6.728811740875244	Laura thinks about herself looking at this apple .	5.93691873550415	correct
Allen must not think about himself tried this game .	7.764041423797607	Allen must not think about himself trying this game .	7.743210792541504	correct
Maria must not think about herself tried this game .	6.746650695800781	Maria must not think about herself trying this game .	6.699522495269775	correct
Allen must not think about himself starts this game .	7.807246685028076	Allen must not think about himself starting this game .	7.333245754241943	correct
Maria must not think about herself starts this game .	6.928358554840088	Maria must not think about herself starting this game .	6.4640793800354	correct
Robert thinks about himself moved the counter .	7.619198322296143	Robert thinks about himself moving the counter .	6.7415032386779785	correct
Sarah thinks about herself moved the counter .	8.194292068481445	Sarah thinks about herself moving the counter .	7.475768089294434	correct
Robert thinks about himself stands the counter .	7.8912353515625	Robert thinks about himself standing the counter .	7.171209812164307	correct
Sarah thinks about herself stands the counter .	8.550331115722656	Sarah thinks about herself standing the counter .	7.702305316925049	correct
Mark thinks about himself served some mirror .	8.430835723876953	Mark thinks about himself serving some mirror .	8.102729797363281	correct
Maria thinks about herself served some mirror .	7.953723907470703	Maria thinks about herself serving some mirror .	7.410111427307129	correct
Mark thinks about himself goes to some mirror .	7.23847770690918	Mark thinks about himself going to some mirror .	6.983636379241943	correct
Maria thinks about herself goes to some mirror .	6.844338417053223	Maria thinks about herself going to some mirror .	6.42264461517334	correct
Donald must not think about himself moved that ball .	7.061960220336914	Donald must not think about himself moving that ball .	6.21392297744751	correct
Laura must not think about herself moved that ball .	7.013023376464844	Laura must not think about herself moving that ball .	6.187082767486572	correct
Donald must not think about himself gets that ball .	6.715412139892578	Donald must not think about himself getting that ball .	6.213237285614014	correct
Laura must not think about herself gets that ball .	6.612493991851807	Laura must not think about herself getting that ball .	6.116724967956543	correct
Alexander must not think about himself moved the dinner .	7.00948429107666	Alexander must not think about himself moving the dinner .	6.489157199859619	correct
Anne must not think about herself moved the dinner .	7.517902374267578	Anne must not think about herself moving the dinner .	6.9360504150390625	correct
Alexander must not think about himself gets the dinner .	6.5078020095825195	Alexander must not think about himself getting the dinner .	6.1343464851379395	correct
Anne must not think about herself gets the dinner .	6.920421123504639	Anne must not think about herself getting the dinner .	6.618218898773193	correct
Gregory thought about himself lived in a camera .	7.136448860168457	Gregory thought about himself living in a camera .	6.573204040527344	correct
Maria thought about herself lived in a camera .	6.364229679107666	Maria thought about herself living in a camera .	5.679618835449219	correct
Gregory thought about himself calls a camera .	8.391158103942871	Gregory thought about himself calling a camera .	7.36245059967041	correct
Maria thought about herself calls a camera .	7.814845085144043	Maria thought about herself calling a camera .	6.590352535247803	correct
Mark must think about himself put away the valley .	6.994444370269775	Mark must think about himself putting away the valley .	7.006673336029053	incorrect
Anne must think about herself put away the valley .	6.761229038238525	Anne must think about herself putting away the valley .	6.896665096282959	incorrect
Mark must think about himself looks at the valley .	7.0401611328125	Mark must think about himself looking at the valley .	6.363502502441406	correct
Anne must think about herself looks at the valley .	6.635249614715576	Anne must think about herself looking at the valley .	6.090409755706787	correct
Thomas must not think about himself lived in this plan .	6.274595737457275	Thomas must not think about himself living in this plan .	6.137635707855225	correct
Sarah must not think about herself lived in this plan .	6.190957069396973	Sarah must not think about herself living in this plan .	5.868682861328125	correct
Thomas must not think about himself starts this plan .	7.2762322425842285	Thomas must not think about himself starting this plan .	6.685708522796631	correct
Sarah must not think about herself starts this plan .	7.300328254699707	Sarah must not think about herself starting this plan .	6.561459541320801	correct
Simon did not think about himself served some guess .	7.0093841552734375	Simon did not think about himself serving some guess .	6.974910736083984	correct
Laura did not think about herself served some guess .	6.661753177642822	Laura did not think about herself serving some guess .	6.399041175842285	correct
Simon did not think about himself changes some guess .	7.278509616851807	Simon did not think about himself changing some guess .	6.90926456451416	correct
Laura did not think about herself changes some guess .	6.713793754577637	Laura did not think about herself changing some guess .	6.337830543518066	correct
Donald did not think about himself covered a tradition .	6.614640712738037	Donald did not think about himself covering a tradition .	6.622827529907227	incorrect
Sarah did not think about herself covered a tradition .	6.315707683563232	Sarah did not think about herself covering a tradition .	6.332272529602051	incorrect
Donald did not think about himself stands a tradition .	6.863572597503662	Donald did not think about himself standing a tradition .	6.655062198638916	correct
Sarah did not think about herself stands a tradition .	6.651587963104248	Sarah did not think about herself standing a tradition .	6.255483150482178	correct
John did not think about himself served this stadium .	6.761409759521484	John did not think about himself serving this stadium .	6.503350734710693	correct
Anne did not think about herself served this stadium .	7.01202917098999	Anne did not think about herself serving this stadium .	6.84215784072876	correct
John did not think about himself studies this stadium .	7.017589569091797	John did not think about himself studying this stadium .	6.331501483917236	correct
Anne did not think about herself studies this stadium .	7.205303192138672	Anne did not think about herself studying this stadium .	6.6126298904418945	correct
Roger did not think about himself set up a person .	5.811851501464844	Roger did not think about himself setting up a person .	5.81624698638916	incorrect
Anne did not think about herself set up a person .	5.506467342376709	Anne did not think about herself setting up a person .	5.71368408203125	incorrect
Roger did not think about himself shows off a person .	6.719630241394043	Roger did not think about himself showing off a person .	6.050254821777344	correct
Anne did not think about herself shows off a person .	6.452138900756836	Anne did not think about herself showing off a person .	5.826101303100586	correct
Michael did not think about himself lived in a bank .	5.3119354248046875	Michael did not think about himself living in a bank .	5.053283214569092	correct
Anne did not think about herself lived in a bank .	5.774322509765625	Anne did not think about herself living in a bank .	5.348678112030029	correct
Michael did not think about himself changes a bank .	6.237703800201416	Michael did not think about himself changing a bank .	5.6852545738220215	correct
Anne did not think about herself changes a bank .	6.710813999176025	Anne did not think about herself changing a bank .	6.315818786621094	correct
William thought about himself tried this access .	8.079435348510742	William thought about himself trying this access .	8.152225494384766	incorrect
Anne thought about herself tried this access .	8.237100601196289	Anne thought about herself trying this access .	7.982455253601074	correct
William thought about himself covers this access .	8.540218353271484	William thought about himself covering this access .	8.215102195739746	correct
Anne thought about herself covers this access .	8.301603317260742	Anne thought about herself covering this access .	8.036491394042969	correct
Carter thinks about himself read some label .	8.455510139465332	Carter thinks about himself reading some label .	8.04959487915039	correct
Anne thinks about herself read some label .	8.177328109741211	Anne thinks about herself reading some label .	7.808722496032715	correct
Carter thinks about himself sees some label .	9.04239273071289	Carter thinks about himself seeing some label .	8.6040678024292	correct
Anne thinks about herself sees some label .	8.338486671447754	Anne thinks about herself seeing some label .	8.23259449005127	correct
Robert could think about himself covered the mind .	6.858952522277832	Robert could think about himself covering the mind .	7.167056560516357	incorrect
Anne could think about herself covered the mind .	6.78231143951416	Anne could think about herself covering the mind .	6.961583137512207	incorrect
Robert could think about himself changes the mind .	7.021232604980469	Robert could think about himself changing the mind .	6.493865966796875	correct
Anne could think about herself changes the mind .	6.980053901672363	Anne could think about herself changing the mind .	6.555295944213867	correct
Henry must think about himself called some stadium .	7.077505111694336	Henry must think about himself calling some stadium .	7.043335914611816	correct
Maria must think about herself called some stadium .	8.017763137817383	Maria must think about herself calling some stadium .	7.754497051239014	correct
Henry must think about himself goes to some stadium .	6.397001266479492	Henry must think about himself going to some stadium .	5.83528470993042	correct
Maria must think about herself goes to some stadium .	7.180900573730469	Maria must think about herself going to some stadium .	6.6064910888671875	correct
Mark did not think about himself tried a growth .	7.302393436431885	Mark did not think about himself trying a growth .	7.088449478149414	correct
Anne did not think about herself tried a growth .	7.305450439453125	Anne did not think about herself trying a growth .	7.106941223144531	correct
Mark did not think about himself plans a growth .	7.73501443862915	Mark did not think about himself planning a growth .	7.008706569671631	correct
Anne did not think about herself plans a growth .	7.529879093170166	Anne did not think about herself planning a growth .	6.833400249481201	correct
Bill must think about himself covered a home .	7.560392379760742	Bill must think about himself covering a home .	7.33181095123291	correct
Maria must think about herself covered a home .	6.80671501159668	Maria must think about herself covering a home .	6.782975196838379	correct
Bill must think about himself gets a home .	6.95176887512207	Bill must think about himself getting a home .	6.431314468383789	correct
Maria must think about herself gets a home .	6.5543212890625	Maria must think about herself getting a home .	6.119505882263184	correct
Robert could think about himself served that memory .	7.774244785308838	Robert could think about himself serving that memory .	7.535190105438232	correct
Anne could think about herself served that memory .	7.871956825256348	Anne could think about herself serving that memory .	7.733561992645264	correct
Robert could think about himself starts that memory .	8.250347137451172	Robert could think about himself starting that memory .	7.445641994476318	correct
Anne could think about herself starts that memory .	8.355423927307129	Anne could think about herself starting that memory .	7.600042819976807	correct
Obama could think about himself put away the whale .	6.54444694519043	Obama could think about himself putting away the whale .	6.6479411125183105	incorrect
Laura could think about herself put away the whale .	6.238284587860107	Laura could think about herself putting away the whale .	6.305670738220215	incorrect
Obama could think about himself calls the whale .	7.38624906539917	Obama could think about himself calling the whale .	6.836143493652344	correct
Laura could think about herself calls the whale .	7.656764984130859	Laura could think about herself calling the whale .	6.896549701690674	correct
William did not think about himself ran to that drop .	6.862610816955566	William did not think about himself running to that drop .	6.744407653808594	correct
Anne did not think about herself ran to that drop .	6.7637200355529785	Anne did not think about herself running to that drop .	6.499736785888672	correct
William did not think about himself calls that drop .	7.357949733734131	William did not think about himself calling that drop .	7.020534515380859	correct
Anne did not think about herself calls that drop .	7.335736274719238	Anne did not think about herself calling that drop .	6.959790229797363	correct
Allen must not think about himself called this mirror .	7.6926469802856445	Allen must not think about himself calling this mirror .	7.774055004119873	incorrect
Maria must not think about herself called this mirror .	6.707160949707031	Maria must not think about herself calling this mirror .	6.636712551116943	correct
Allen must not think about himself changes this mirror .	8.093862533569336	Allen must not think about himself changing this mirror .	7.460851192474365	correct
Maria must not think about herself changes this mirror .	6.983750820159912	Maria must not think about herself changing this mirror .	6.532243251800537	correct
Donald must not think about himself tried some drop .	7.730936527252197	Donald must not think about himself trying some drop .	7.606193542480469	correct
Laura must not think about herself tried some drop .	7.63820743560791	Laura must not think about herself trying some drop .	7.358423233032227	correct
Donald must not think about himself calls some drop .	8.079120635986328	Donald must not think about himself calling some drop .	7.516054630279541	correct
Laura must not think about herself calls some drop .	7.861184120178223	Laura must not think about herself calling some drop .	7.1633124351501465	correct
John must not think about himself moved a stadium .	7.33626651763916	John must not think about himself moving a stadium .	6.750369548797607	correct
Maria must not think about herself moved a stadium .	7.070569038391113	Maria must not think about herself moving a stadium .	6.653782844543457	correct
John must not think about himself records a stadium .	8.294026374816895	John must not think about himself recording a stadium .	7.5037360191345215	correct
Maria must not think about herself records a stadium .	7.998892307281494	Maria must not think about herself recording a stadium .	7.309083461761475	correct
Chris thought about himself ran to a growth .	8.248944282531738	Chris thought about himself running to a growth .	7.814258098602295	correct
Laura thought about herself ran to a growth .	8.299662590026855	Laura thought about herself running to a growth .	7.887484073638916	correct
Chris thought about himself depends a growth .	9.123906135559082	Chris thought about himself depending a growth .	8.842737197875977	correct
Laura thought about herself depends a growth .	9.301376342773438	Laura thought about herself depending a growth .	8.933737754821777	correct
Henry could think about himself called some apple .	6.410398960113525	Henry could think about himself calling some apple .	6.412353038787842	incorrect
Maria could think about herself called some apple .	7.439711093902588	Maria could think about herself calling some apple .	7.24931001663208	correct
Henry could think about himself plans some apple .	7.625494956970215	Henry could think about himself planning some apple .	6.992088317871094	correct
Maria could think about herself plans some apple .	8.542482376098633	Maria could think about herself planning some apple .	7.827766418457031	correct
Taylor must think about himself called that plan .	7.6305832862854	Taylor must think about himself calling that plan .	7.720993995666504	incorrect
Laura must think about herself called that plan .	7.470950126647949	Laura must think about herself calling that plan .	7.521698951721191	incorrect
Taylor must think about himself runs to that plan .	7.801888942718506	Taylor must think about himself running to that plan .	7.3533148765563965	correct
Laura must think about herself runs to that plan .	7.431365966796875	Laura must think about herself running to that plan .	6.9972615242004395	correct
Chris could think about himself tried this procedure .	8.173782348632812	Chris could think about himself trying this procedure .	7.921915531158447	correct
Maria could think about herself tried this procedure .	7.971363544464111	Maria could think about herself trying this procedure .	7.76108980178833	correct
Chris could think about himself plans this procedure .	8.448335647583008	Chris could think about himself planning this procedure .	8.024169921875	correct
Maria could think about herself plans this procedure .	8.243497848510742	Maria could think about herself planning this procedure .	7.679951190948486	correct
Bill thinks about himself moved some hill .	8.241628646850586	Bill thinks about himself moving some hill .	7.599002838134766	correct
Sarah thinks about herself moved some hill .	8.03795051574707	Sarah thinks about herself moving some hill .	7.663807392120361	correct
Bill thinks about himself changes some hill .	8.965411186218262	Bill thinks about himself changing some hill .	8.216032028198242	correct
Sarah thinks about herself changes some hill .	8.664522171020508	Sarah thinks about herself changing some hill .	8.022696495056152	correct
William must not think about himself moved the game .	7.074487209320068	William must not think about himself moving the game .	6.623129367828369	correct
Maria must not think about herself moved the game .	6.749124050140381	Maria must not think about herself moving the game .	6.267323017120361	correct
William must not think about himself stands the game .	7.138230800628662	William must not think about himself standing the game .	6.961669921875	correct
Maria must not think about herself stands the game .	6.966064453125	Maria must not think about herself standing the game .	6.595425605773926	correct
Chris thinks about himself put away a rock .	6.907413959503174	Chris thinks about himself putting away a rock .	6.928928852081299	incorrect
Maria thinks about herself put away a rock .	6.386558532714844	Maria thinks about herself putting away a rock .	6.4951958656311035	incorrect
Chris thinks about himself depends a rock .	8.858954429626465	Chris thinks about himself depending a rock .	8.336055755615234	correct
Maria thinks about herself depends a rock .	8.197643280029297	Maria thinks about herself depending a rock .	7.6063551902771	correct
Chris thinks about himself tried some whale .	8.76083755493164	Chris thinks about himself trying some whale .	8.401618957519531	correct
Anne thinks about herself tried some whale .	9.061832427978516	Anne thinks about herself trying some whale .	8.708043098449707	correct
Chris thinks about himself runs to some whale .	7.99519681930542	Chris thinks about himself running to some whale .	7.788376808166504	correct
Anne thinks about herself runs to some whale .	8.061726570129395	Anne thinks about herself running to some whale .	7.82366418838501	correct
Bill must not think about himself covered that memory .	7.350663185119629	Bill must not think about himself covering that memory .	7.598249912261963	incorrect
Sarah must not think about herself covered that memory .	6.914643287658691	Sarah must not think about herself covering that memory .	7.10444974899292	incorrect
Bill must not think about himself makes that memory .	7.449334144592285	Bill must not think about himself making that memory .	7.113701820373535	correct
Sarah must not think about herself makes that memory .	7.119792938232422	Sarah must not think about herself making that memory .	6.725512981414795	correct
William did not think about himself read some label .	6.4767069816589355	William did not think about himself reading some label .	6.7150444984436035	incorrect
Maria did not think about herself read some label .	6.234313488006592	Maria did not think about herself reading some label .	6.176576614379883	correct
William did not think about himself calls some label .	7.652233123779297	William did not think about himself calling some label .	6.971282958984375	correct
Maria did not think about herself calls some label .	7.265596866607666	Maria did not think about herself calling some label .	6.39908504486084	correct
Allen must not think about himself put away that mirror .	7.320570945739746	Allen must not think about himself putting away that mirror .	7.310009479522705	correct
Maria must not think about herself put away that mirror .	6.112379550933838	Maria must not think about herself putting away that mirror .	6.1775665283203125	incorrect
Allen must not think about himself shows off that mirror .	8.01321029663086	Allen must not think about himself showing off that mirror .	7.177918434143066	correct
Maria must not think about herself shows off that mirror .	6.974059104919434	Maria must not think about herself showing off that mirror .	6.227099418640137	correct
William thought about himself put away that growth .	7.2756028175354	William thought about himself putting away that growth .	7.692973613739014	incorrect
Maria thought about herself put away that growth .	7.21423864364624	Maria thought about herself putting away that growth .	7.361701011657715	incorrect
William thought about himself records that growth .	9.08252239227295	William thought about himself recording that growth .	8.70079517364502	correct
Maria thought about herself records that growth .	8.97414779663086	Maria thought about herself recording that growth .	8.467061996459961	correct
Philip thinks about himself moved some access .	8.609989166259766	Philip thinks about himself moving some access .	7.739943504333496	correct
Laura thinks about herself moved some access .	8.354133605957031	Laura thinks about herself moving some access .	7.5032782554626465	correct
Chris thinks about himself set up some stadium .	8.00088119506836	Chris thinks about himself setting up some stadium .	8.062779426574707	incorrect
Laura thinks about herself set up some stadium .	7.8166399002075195	Laura thinks about herself setting up some stadium .	8.027349472045898	incorrect
Chris thinks about himself turns some stadium .	9.384488105773926	Chris thinks about himself turning some stadium .	8.653520584106445	correct
Laura thinks about herself turns some stadium .	9.155890464782715	Laura thinks about herself turning some stadium .	8.363495826721191	correct
Obama thinks about himself tried the bird .	7.252573490142822	Obama thinks about himself trying the bird .	7.10213565826416	correct
Maria thinks about herself tried the bird .	7.233118534088135	Maria thinks about herself trying the bird .	6.8707380294799805	correct
Obama thinks about himself stands the bird .	7.681164264678955	Obama thinks about himself standing the bird .	7.214550495147705	correct
Maria thinks about herself stands the bird .	7.407750606536865	Maria thinks about herself standing the bird .	6.789047718048096	correct
Donald thinks about himself ran to a movie .	6.640456199645996	Donald thinks about himself running to a movie .	6.210949420928955	correct
Laura thinks about herself ran to a movie .	6.705700397491455	Laura thinks about herself running to a movie .	6.259760856628418	correct
Donald thinks about himself tests a movie .	7.9651198387146	Donald thinks about himself testing a movie .	7.326821804046631	correct
Laura thinks about herself tests a movie .	7.794869422912598	Laura thinks about herself testing a movie .	7.098074913024902	correct
Gregory thinks about himself ran to a lady .	7.4443793296813965	Gregory thinks about himself running to a lady .	7.110239505767822	correct
Maria thinks about herself ran to a lady .	6.821207523345947	Maria thinks about herself running to a lady .	6.346220970153809	correct
Gregory thinks about himself goes to a lady .	7.1332106590271	Gregory thinks about himself going to a lady .	6.723521709442139	correct
Maria thinks about herself goes to a lady .	6.396821022033691	Maria thinks about herself going to a lady .	5.936446189880371	correct
Michael must not think about himself served the baby .	6.3150763511657715	Michael must not think about himself serving the baby .	5.940248489379883	correct
Anne must not think about herself served the baby .	6.874452114105225	Anne must not think about herself serving the baby .	6.586141109466553	correct
Michael must not think about himself calls the baby .	6.455341339111328	Michael must not think about himself calling the baby .	5.912385940551758	correct
Anne must not think about herself calls the baby .	6.968330383300781	Anne must not think about herself calling the baby .	6.5158233642578125	correct
Louis could think about himself tried the apple .	6.9732794761657715	Louis could think about himself trying the apple .	7.068461894989014	incorrect
Anne could think about herself tried the apple .	7.438203811645508	Anne could think about herself trying the apple .	7.38530158996582	correct
Louis could think about himself turns the apple .	6.855580806732178	Louis could think about himself turning the apple .	6.32684850692749	correct
Anne could think about herself turns the apple .	7.246278762817383	Anne could think about herself turning the apple .	6.8444437980651855	correct
Allen did not think about himself read this scale .	6.36671781539917	Allen did not think about himself reading this scale .	6.30237340927124	correct
Sarah did not think about herself read this scale .	5.877503871917725	Sarah did not think about herself reading this scale .	5.746077060699463	correct
Allen did not think about himself starts this scale .	7.140310764312744	Allen did not think about himself starting this scale .	6.572856903076172	correct
Sarah did not think about herself starts this scale .	7.0798797607421875	Sarah did not think about herself starting this scale .	6.30562162399292	correct
Robert did not think about himself tried the bank .	6.459038734436035	Robert did not think about himself trying the bank .	6.289956092834473	correct
Anne did not think about herself tried the bank .	6.80584716796875	Anne did not think about herself trying the bank .	6.650853157043457	correct
Robert did not think about himself plans the bank .	6.708922386169434	Robert did not think about himself planning the bank .	6.38320779800415	correct
Anne did not think about herself plans the bank .	7.0036516189575195	Anne did not think about herself planning the bank .	6.489419460296631	correct
Obama thinks about himself called the bet .	7.103519439697266	Obama thinks about himself calling the bet .	7.27691650390625	incorrect
Sarah thinks about herself called the bet .	7.46528959274292	Sarah thinks about herself calling the bet .	7.510030746459961	incorrect
Obama thinks about himself records the bet .	8.407803535461426	Obama thinks about himself recording the bet .	7.6053314208984375	correct
Sarah thinks about herself records the bet .	8.817754745483398	Sarah thinks about herself recording the bet .	7.732117176055908	correct
Obama thought about himself read some book .	6.95240592956543	Obama thought about himself reading some book .	6.784745693206787	correct
Sarah thought about herself read some book .	6.462784290313721	Sarah thought about herself reading some book .	6.229698657989502	correct
Obama thought about himself shows off some book .	8.062636375427246	Obama thought about himself showing off some book .	7.524163722991943	correct
Sarah thought about herself shows off some book .	7.903200149536133	Sarah thought about herself showing off some book .	6.8614959716796875	correct
Richard thought about himself lived in some movie .	5.995497226715088	Richard thought about himself living in some movie .	5.799600601196289	correct
Maria thought about herself lived in some movie .	6.634830474853516	Maria thought about herself living in some movie .	6.155281066894531	correct
Richard thought about himself moves some movie .	7.525964260101318	Richard thought about himself moving some movie .	6.564281463623047	correct
Maria thought about herself moves some movie .	8.124357223510742	Maria thought about herself moving some movie .	7.132485389709473	correct
Carter could think about himself served the bet .	8.546319007873535	Carter could think about himself serving the bet .	8.469548225402832	correct
Maria could think about herself served the bet .	7.562465190887451	Maria could think about herself serving the bet .	7.314754962921143	correct
Carter could think about himself goes to the bet .	7.936112403869629	Carter could think about himself going to the bet .	7.40050745010376	correct
Maria could think about herself goes to the bet .	6.895866394042969	Maria could think about herself going to the bet .	6.257712364196777	correct
Michael thought about himself set up this growth .	7.086677551269531	Michael thought about himself setting up this growth .	7.357338905334473	incorrect
Maria thought about herself set up this growth .	6.8874921798706055	Maria thought about herself setting up this growth .	7.108456611633301	incorrect
Michael thought about himself depends this growth .	8.8915376663208	Michael thought about himself depending this growth .	8.728301048278809	correct
Maria thought about herself depends this growth .	8.820345878601074	Maria thought about herself depending this growth .	8.531532287597656	correct
Philip must not think about himself covered some apple .	7.35076904296875	Philip must not think about himself covering some apple .	7.595483303070068	incorrect
Maria must not think about herself covered some apple .	6.812182903289795	Maria must not think about herself covering some apple .	7.042613506317139	incorrect
Philip must not think about himself tests some apple .	8.346126556396484	Philip must not think about himself testing some apple .	7.732791423797607	correct
Maria must not think about herself tests some apple .	7.804686069488525	Maria must not think about herself testing some apple .	7.213780403137207	correct
Gregory thinks about himself tried that cast .	8.477025032043457	Gregory thinks about himself trying that cast .	8.277714729309082	correct
Maria thinks about herself tried that cast .	8.133035659790039	Maria thinks about herself trying that cast .	7.859704971313477	correct
Gregory thinks about himself shows off that cast .	8.568699836730957	Gregory thinks about himself showing off that cast .	7.913705348968506	correct
Maria thinks about herself shows off that cast .	7.997048377990723	Maria thinks about herself showing off that cast .	7.188077449798584	correct
Allen must not think about himself put away that back .	7.192131996154785	Allen must not think about himself putting away that back .	7.1731061935424805	correct
Maria must not think about herself put away that back .	6.175975799560547	Maria must not think about herself putting away that back .	6.254639625549316	incorrect
Allen must not think about himself studies that back .	8.16810131072998	Allen must not think about himself studying that back .	7.742201328277588	correct
Maria must not think about herself studies that back .	7.124281406402588	Maria must not think about herself studying that back .	6.6626296043396	correct
Allen must not think about himself called this tradition .	7.556700229644775	Allen must not think about himself calling this tradition .	7.6504974365234375	incorrect
Maria must not think about herself called this tradition .	6.649840831756592	Maria must not think about herself calling this tradition .	6.6200714111328125	correct
Allen must not think about himself sees this tradition .	7.7210211753845215	Allen must not think about himself seeing this tradition .	7.3962860107421875	correct
Maria must not think about herself sees this tradition .	6.748091220855713	Maria must not think about herself seeing this tradition .	6.450431823730469	correct
Michael must not think about himself called the general .	6.073054790496826	Michael must not think about himself calling the general .	6.372326374053955	incorrect
Anne must not think about herself called the general .	6.699428081512451	Anne must not think about herself calling the general .	6.942183017730713	incorrect
Michael must not think about himself shows off the general .	6.806955814361572	Michael must not think about himself showing off the general .	6.191683292388916	correct
Anne must not think about herself shows off the general .	7.149125099182129	Anne must not think about herself showing off the general .	6.674323558807373	correct
Allen must think about himself set up that bet .	7.614987850189209	Allen must think about himself setting up that bet .	7.720067024230957	incorrect
Laura must think about herself set up that bet .	6.803896427154541	Laura must think about herself setting up that bet .	6.975364685058594	incorrect
Allen must think about himself records that bet .	8.946879386901855	Allen must think about himself recording that bet .	8.521961212158203	correct
Laura must think about herself records that bet .	8.526999473571777	Laura must think about herself recording that bet .	7.6882643699646	correct
Ben thought about himself served this game .	7.721829414367676	Ben thought about himself serving this game .	7.561222076416016	correct
Maria thought about herself served this game .	7.8231587409973145	Maria thought about herself serving this game .	7.369571685791016	correct
Ben thought about himself studies this game .	7.687017440795898	Ben thought about himself studying this game .	7.488999366760254	correct
Maria thought about herself studies this game .	7.381511688232422	Maria thought about herself studying this game .	6.770749092102051	correct
Roger must not think about himself read this couple .	7.328980922698975	Roger must not think about himself reading this couple .	7.239534854888916	correct
Sarah must not think about herself read this couple .	6.406688213348389	Sarah must not think about herself reading this couple .	6.326164722442627	correct
Roger must not think about himself studies this couple .	7.773749828338623	Roger must not think about himself studying this couple .	7.4072394371032715	correct
Sarah must not think about herself studies this couple .	7.126344203948975	Sarah must not think about herself studying this couple .	6.653634071350098	correct
Edward thinks about himself lived in that whale .	6.5433807373046875	Edward thinks about himself living in that whale .	6.400780200958252	correct
Laura thinks about herself lived in that whale .	7.216421127319336	Laura thinks about herself living in that whale .	6.670943260192871	correct
Edward thinks about himself depends that whale .	8.34371566772461	Edward thinks about himself depending that whale .	8.186433792114258	correct
Philip thinks about himself put away this suit .	7.066995620727539	Philip thinks about himself putting away this suit .	7.096200466156006	incorrect
Anne thinks about herself put away this suit .	7.206697940826416	Anne thinks about herself putting away this suit .	7.299281597137451	incorrect
Philip thinks about himself studies this suit .	8.426970481872559	Philip thinks about himself studying this suit .	7.750323295593262	correct
Anne thinks about herself studies this suit .	8.117520332336426	Anne thinks about herself studying this suit .	7.755924224853516	correct
William did not think about himself set up a suit .	5.776129722595215	William did not think about himself setting up a suit .	6.159740447998047	incorrect
Maria did not think about herself set up a suit .	5.40948486328125	Maria did not think about herself setting up a suit .	5.540136814117432	incorrect
William did not think about himself shows off a suit .	7.022648334503174	William did not think about himself showing off a suit .	6.505451202392578	correct
Maria did not think about herself shows off a suit .	6.671886444091797	Maria did not think about herself showing off a suit .	6.059924125671387	correct
Donald thinks about himself covered a night .	7.903159141540527	Donald thinks about himself covering a night .	7.734879970550537	correct
Anne thinks about herself covered a night .	8.247807502746582	Anne thinks about herself covering a night .	8.084245681762695	correct
Donald thinks about himself starts a night .	7.8002214431762695	Donald thinks about himself starting a night .	7.0088043212890625	correct
Anne thinks about herself starts a night .	8.191560745239258	Anne thinks about herself starting a night .	7.646048545837402	correct
Thomas could think about himself called this access .	7.967304706573486	Thomas could think about himself calling this access .	7.959737300872803	correct
Sarah could think about herself called this access .	7.43755578994751	Sarah could think about herself calling this access .	7.339935302734375	correct
Thomas could think about himself depends this access .	8.810282707214355	Thomas could think about himself depending this access .	8.674610137939453	correct
Sarah could think about herself depends this access .	8.255253791809082	Sarah could think about herself depending this access .	7.894816875457764	correct
Obama thinks about himself called the valley .	7.0594162940979	Obama thinks about himself calling the valley .	7.508412837982178	incorrect
Laura thinks about herself called the valley .	7.415020942687988	Laura thinks about herself calling the valley .	7.7250075340271	incorrect
Obama thinks about himself looks at the valley .	6.955880165100098	Obama thinks about himself looking at the valley .	6.316202163696289	correct
Laura thinks about herself looks at the valley .	7.314064979553223	Laura thinks about herself looking at the valley .	6.340455532073975	correct
Mark could think about himself lived in that memory .	7.186318397521973	Mark could think about himself living in that memory .	7.00247049331665	correct
Sarah could think about herself lived in that memory .	6.7843217849731445	Sarah could think about herself living in that memory .	6.388660907745361	correct
Mark could think about himself shows off that memory .	8.46286392211914	Mark could think about himself showing off that memory .	7.649349689483643	correct
Sarah could think about herself shows off that memory .	7.788815498352051	Sarah could think about herself showing off that memory .	6.8595123291015625	correct
Gregory must not think about himself moved some rock .	7.66628360748291	Gregory must not think about himself moving some rock .	7.222764492034912	correct
Maria must not think about herself moved some rock .	7.090528964996338	Maria must not think about herself moving some rock .	6.634442329406738	correct
Gregory must not think about himself covers some rock .	7.761982440948486	Gregory must not think about himself covering some rock .	7.550662040710449	correct
Maria must not think about herself covers some rock .	7.396790981292725	Maria must not think about herself covering some rock .	7.0584917068481445	correct
Chris thinks about himself read this home .	7.376037120819092	Chris thinks about himself reading this home .	7.272412300109863	correct
Maria thinks about herself read this home .	6.652746677398682	Maria thinks about herself reading this home .	6.561398506164551	correct
Chris thinks about himself plans this home .	8.787806510925293	Chris thinks about himself planning this home .	8.325155258178711	correct
Maria thinks about herself plans this home .	8.01524829864502	Maria thinks about herself planning this home .	7.4031877517700195	correct
Henry must not think about himself served this truck .	6.575589656829834	Henry must not think about himself serving this truck .	6.164487361907959	correct
Laura must not think about herself served this truck .	7.327634334564209	Laura must not think about herself serving this truck .	6.821039199829102	correct
Henry must not think about himself makes this truck .	6.3695387840271	Henry must not think about himself making this truck .	6.038355827331543	correct
Laura must not think about herself makes this truck .	6.846330642700195	Laura must not think about herself making this truck .	6.417011260986328	correct
William could think about himself called that cast .	7.27970027923584	William could think about himself calling that cast .	7.2558112144470215	correct
Anne could think about herself called that cast .	7.624361038208008	Anne could think about herself calling that cast .	7.621169090270996	correct
William could think about himself changes that cast .	7.46783447265625	William could think about himself changing that cast .	7.164032936096191	correct
Anne could think about herself changes that cast .	7.759546756744385	Anne could think about herself changing that cast .	7.57103967666626	correct
Sam must think about himself put away this person .	6.481914043426514	Sam must think about himself putting away this person .	6.555618762969971	incorrect
Laura must think about herself put away this person .	6.204305171966553	Laura must think about herself putting away this person .	6.303834915161133	incorrect
Sam must think about himself turns this person .	7.441622257232666	Sam must think about himself turning this person .	7.003269195556641	correct
Laura must think about herself turns this person .	7.139708518981934	Laura must think about herself turning this person .	6.587020397186279	correct
Alexander must think about himself called the camera .	6.331130027770996	Alexander must think about himself calling the camera .	6.439355850219727	incorrect
Maria must think about herself called the camera .	6.455908298492432	Maria must think about herself calling the camera .	6.381971836090088	correct
Alexander must think about himself sees the camera .	6.633960247039795	Alexander must think about himself seeing the camera .	6.477388381958008	correct
Maria must think about herself sees the camera .	6.544989109039307	Maria must think about herself seeing the camera .	6.361963748931885	correct
Philip must think about himself served a movie .	7.541069984436035	Philip must think about himself serving a movie .	7.204503536224365	correct
Sarah must think about herself served a movie .	7.39389705657959	Sarah must think about herself serving a movie .	6.858964443206787	correct
Philip must think about himself plans a movie .	7.925608158111572	Philip must think about himself planning a movie .	7.1916937828063965	correct
Sarah must think about herself plans a movie .	7.58217191696167	Sarah must think about herself planning a movie .	6.820523738861084	correct
Carter did not think about himself set up the color .	6.686150550842285	Carter did not think about himself setting up the color .	6.8356475830078125	incorrect
Sarah did not think about herself set up the color .	5.837978363037109	Sarah did not think about herself setting up the color .	5.941758632659912	incorrect
Carter did not think about himself runs to the color .	7.1987833976745605	Carter did not think about himself running to the color .	6.955511093139648	correct
Sarah did not think about herself runs to the color .	6.300472736358643	Sarah did not think about herself running to the color .	5.8852996826171875	correct
Taylor did not think about himself called a media .	6.650554180145264	Taylor did not think about himself calling a media .	6.6874260902404785	incorrect
Maria did not think about herself called a media .	6.470555305480957	Maria did not think about herself calling a media .	6.407966613769531	correct
Taylor did not think about himself covers a media .	7.360940456390381	Taylor did not think about himself covering a media .	7.072059631347656	correct
Maria did not think about herself covers a media .	6.996242046356201	Maria did not think about herself covering a media .	6.6909685134887695	correct
Chris must think about himself served the media .	7.7649054527282715	Chris must think about himself serving the media .	7.5526909828186035	correct
Laura must think about herself served the media .	7.775311470031738	Laura must think about herself serving the media .	7.489649772644043	correct
Chris must think about himself records the media .	8.019960403442383	Chris must think about himself recording the media .	7.099520206451416	correct
Laura must think about herself records the media .	8.16512680053711	Laura must think about herself recording the media .	7.059569358825684	correct
Chris must not think about himself called some person .	6.721644878387451	Chris must not think about himself calling some person .	6.629238128662109	correct
Sarah must not think about herself called some person .	6.461472988128662	Sarah must not think about herself calling some person .	6.20571756362915	correct
Chris must not think about himself studies some person .	7.4090118408203125	Chris must not think about himself studying some person .	6.632412910461426	correct
Sarah must not think about herself studies some person .	7.092289924621582	Sarah must not think about herself studying some person .	6.289830684661865	correct
William must think about himself covered the general .	7.253549575805664	William must think about himself covering the general .	7.469889163970947	incorrect
Maria must think about herself covered the general .	6.74224328994751	Maria must think about herself covering the general .	6.885170936584473	incorrect
William must think about himself stands the general .	7.686407566070557	William must think about himself standing the general .	7.526886940002441	correct
Maria must think about herself stands the general .	7.280670166015625	Maria must think about herself standing the general .	6.94890022277832	correct
Chris thinks about himself ran to some bear .	7.992672443389893	Chris thinks about himself running to some bear .	7.709486961364746	correct
Maria thinks about herself ran to some bear .	7.542449951171875	Maria thinks about herself running to some bear .	7.158420085906982	correct
Chris thinks about himself records some bear .	9.411520957946777	Chris thinks about himself recording some bear .	8.295199394226074	correct
Maria thinks about herself records some bear .	8.875640869140625	Maria thinks about herself recording some bear .	7.9346795082092285	correct
Allen must think about himself served that procedure .	8.958027839660645	Allen must think about himself serving that procedure .	9.00437068939209	incorrect
Anne must think about herself served that procedure .	8.05108642578125	Anne must think about herself serving that procedure .	7.924681186676025	correct
Allen must think about himself makes that procedure .	8.498806953430176	Allen must think about himself making that procedure .	8.177618980407715	correct
Anne must think about herself makes that procedure .	7.742018222808838	Anne must think about herself making that procedure .	7.479187965393066	correct
Gregory did not think about himself tried that bear .	6.954524993896484	Gregory did not think about himself trying that bear .	6.841636657714844	correct
Laura did not think about herself tried that bear .	6.373388290405273	Laura did not think about herself trying that bear .	6.172432899475098	correct
Gregory did not think about himself stands that bear .	7.164405345916748	Gregory did not think about himself standing that bear .	6.853164196014404	correct
Laura did not think about herself stands that bear .	6.6854987144470215	Laura did not think about herself standing that bear .	6.202182292938232	correct
Allen thought about himself lived in the bird .	7.027706146240234	Allen thought about himself living in the bird .	6.778627395629883	correct
Laura thought about herself lived in the bird .	6.885014057159424	Laura thought about herself living in the bird .	6.283775329589844	correct
Allen thought about himself goes to the bird .	6.785362720489502	Allen thought about himself going to the bird .	6.24595832824707	correct
Laura thought about herself goes to the bird .	6.473992824554443	Laura thought about herself going to the bird .	5.742282390594482	correct
Allen must think about himself ran to the drop .	8.0145902633667	Allen must think about himself running to the drop .	7.780676364898682	correct
Anne must think about herself ran to the drop .	6.974362373352051	Anne must think about herself running to the drop .	6.735191345214844	correct
Allen must think about himself turns the drop .	8.310007095336914	Allen must think about himself turning the drop .	8.055611610412598	correct
Anne must think about herself turns the drop .	7.406656265258789	Anne must think about herself turning the drop .	7.096014499664307	correct
Joseph thought about himself covered the ball .	7.518776893615723	Joseph thought about himself covering the ball .	7.67432165145874	incorrect
Laura thought about herself covered the ball .	7.008457183837891	Laura thought about herself covering the ball .	7.3003010749816895	incorrect
Joseph thought about himself gets the ball .	7.362335205078125	Joseph thought about himself getting the ball .	6.923044681549072	correct
Laura thought about herself gets the ball .	6.843705654144287	Laura thought about herself getting the ball .	6.4603071212768555	correct
Taylor must not think about himself read that bank .	6.75018310546875	Taylor must not think about himself reading that bank .	6.571984767913818	correct
Laura must not think about herself read that bank .	6.370368957519531	Laura must not think about herself reading that bank .	6.237738132476807	correct
Taylor must not think about himself sees that bank .	7.265405178070068	Taylor must not think about himself seeing that bank .	6.748025417327881	correct
Laura must not think about herself sees that bank .	7.218330383300781	Laura must not think about herself seeing that bank .	6.668959617614746	correct
Mark must not think about himself called that rock .	7.183834552764893	Mark must not think about himself calling that rock .	7.333847999572754	incorrect
Laura must not think about herself called that rock .	6.974534034729004	Laura must not think about herself calling that rock .	6.90397834777832	correct
Mark must not think about himself moves that rock .	7.460420608520508	Mark must not think about himself moving that rock .	6.794882774353027	correct
Laura must not think about herself moves that rock .	7.1820969581604	Laura must not think about herself moving that rock .	6.542142391204834	correct
Robert could think about himself served the valley .	7.881988525390625	Robert could think about himself serving the valley .	7.418200969696045	correct
Laura could think about herself served the valley .	8.029263496398926	Laura could think about herself serving the valley .	7.589254379272461	correct
Robert could think about himself turns the valley .	7.179983615875244	Robert could think about himself turning the valley .	6.624830722808838	correct
Laura could think about herself turns the valley .	7.5418596267700195	Laura could think about herself turning the valley .	6.723546028137207	correct
William thinks about himself moved the book .	7.680611610412598	William thinks about himself moving the book .	7.051186561584473	correct
Maria thinks about herself moved the book .	7.001760482788086	Maria thinks about herself moving the book .	6.130449295043945	correct
William thinks about himself depends the book .	8.520398139953613	William thinks about himself depending the book .	8.266693115234375	correct
Maria thinks about herself depends the book .	7.7903032302856445	Maria thinks about herself depending the book .	7.468676567077637	correct
Edward thinks about himself put away some cast .	7.233407974243164	Edward thinks about himself putting away some cast .	7.243016719818115	incorrect
Laura thinks about herself put away some cast .	7.431068420410156	Laura thinks about herself putting away some cast .	7.522833824157715	incorrect
Edward thinks about himself plans some cast .	9.08481216430664	Edward thinks about himself planning some cast .	8.574323654174805	correct
Laura thinks about herself plans some cast .	9.528742790222168	Laura thinks about herself planning some cast .	8.833452224731445	correct
Edward thinks about himself called the home .	6.563565731048584	Edward thinks about himself calling the home .	7.12155818939209	incorrect
Anne thinks about herself called the home .	7.4564313888549805	Anne thinks about herself calling the home .	7.867427825927734	incorrect
Edward thinks about himself makes the home .	6.888909339904785	Edward thinks about himself making the home .	6.673270225524902	correct
Anne thinks about herself makes the home .	7.531460762023926	Anne thinks about herself making the home .	7.496882438659668	correct
Obama thinks about himself tried some dinner .	7.788675785064697	Obama thinks about himself trying some dinner .	7.513083457946777	correct
Anne thinks about herself tried some dinner .	8.699263572692871	Anne thinks about herself trying some dinner .	8.286691665649414	correct
Obama thinks about himself sees some dinner .	7.465420246124268	Obama thinks about himself seeing some dinner .	7.357533931732178	correct
Anne thinks about herself sees some dinner .	8.2537202835083	Anne thinks about herself seeing some dinner .	8.121355056762695	correct
Simon must not think about himself read this clock .	6.636639595031738	Simon must not think about himself reading this clock .	6.45424222946167	correct
Laura must not think about herself read this clock .	5.756755828857422	Laura must not think about herself reading this clock .	5.621155261993408	correct
Simon must not think about himself makes this clock .	7.256579875946045	Simon must not think about himself making this clock .	6.780208110809326	correct
Laura must not think about herself makes this clock .	6.650999546051025	Laura must not think about herself making this clock .	6.21173620223999	correct
Michael thought about himself moved this stand .	7.525244235992432	Michael thought about himself moving this stand .	6.912406921386719	correct
Laura thought about herself moved this stand .	8.320357322692871	Laura thought about herself moving this stand .	7.499170303344727	correct
Michael thought about himself records this stand .	7.960026264190674	Michael thought about himself recording this stand .	7.221898555755615	correct
Laura thought about herself records this stand .	8.731760025024414	Laura thought about herself recording this stand .	7.749669075012207	correct
Carter must not think about himself read that bird .	7.440161228179932	Carter must not think about himself reading that bird .	7.254364013671875	correct
Laura must not think about herself read that bird .	6.142983436584473	Laura must not think about herself reading that bird .	5.918379306793213	correct
Carter must not think about himself starts that bird .	8.184016227722168	Carter must not think about himself starting that bird .	7.7224016189575195	correct
Laura must not think about herself starts that bird .	7.246164798736572	Laura must not think about herself starting that bird .	6.723759174346924	correct
Ben thought about himself set up that bank .	6.786986351013184	Ben thought about himself setting up that bank .	7.196435928344727	incorrect
Sarah thought about herself set up that bank .	6.7375569343566895	Sarah thought about herself setting up that bank .	6.929458141326904	incorrect
Ben thought about himself moves that bank .	8.16402530670166	Ben thought about himself moving that bank .	7.516352653503418	correct
Sarah thought about herself moves that bank .	8.364534378051758	Sarah thought about herself moving that bank .	7.787123203277588	correct
Alexander must think about himself covered some sky .	7.62828254699707	Alexander must think about himself covering some sky .	7.849928379058838	incorrect
Maria must think about herself covered some sky .	7.267587661743164	Maria must think about herself covering some sky .	7.364742755889893	incorrect
Alexander must think about himself tests some sky .	8.595337867736816	Alexander must think about himself testing some sky .	8.177848815917969	correct
Maria must think about herself tests some sky .	8.118292808532715	Maria must think about herself testing some sky .	7.66595458984375	correct
Roger did not think about himself tried this baby .	6.856396198272705	Roger did not think about himself trying this baby .	6.816706657409668	correct
Sarah did not think about herself tried this baby .	6.400142192840576	Sarah did not think about herself trying this baby .	6.375217437744141	correct
Roger did not think about himself makes this baby .	6.907676696777344	Roger did not think about himself making this baby .	6.506687641143799	correct
Sarah did not think about herself makes this baby .	6.50970458984375	Sarah did not think about herself making this baby .	6.009448528289795	correct
Obama must not think about himself moved this tradition .	7.248787879943848	Obama must not think about himself moving this tradition .	6.856989860534668	correct
Laura must not think about herself moved this tradition .	7.126734256744385	Laura must not think about herself moving this tradition .	6.443824768066406	correct
Obama must not think about himself shows off this tradition .	7.191878795623779	Obama must not think about himself showing off this tradition .	6.683502197265625	correct
Laura must not think about herself shows off this tradition .	7.076169013977051	Laura must not think about herself showing off this tradition .	6.3315653800964355	correct
Henry must not think about himself set up this book .	5.813620090484619	Henry must not think about himself setting up this book .	5.678038120269775	correct
Laura must not think about herself set up this book .	6.004699230194092	Laura must not think about herself setting up this book .	5.879612922668457	correct
Henry must not think about himself looks at this book .	5.173266887664795	Henry must not think about himself looking at this book .	4.702281475067139	correct
Laura must not think about herself looks at this book .	5.759379863739014	Laura must not think about herself looking at this book .	4.939111232757568	correct
John thought about himself put away that memory .	6.9681220054626465	John thought about himself putting away that memory .	7.0058979988098145	incorrect
Sarah thought about herself put away that memory .	7.046014785766602	Sarah thought about herself putting away that memory .	7.119746685028076	incorrect
John thought about himself runs to that memory .	7.678116321563721	John thought about himself running to that memory .	7.342351913452148	correct
Sarah thought about herself runs to that memory .	7.925737380981445	Sarah thought about herself running to that memory .	7.232970237731934	correct
Obama could think about himself set up a mind .	6.404592037200928	Obama could think about himself setting up a mind .	6.560431957244873	incorrect
Sarah could think about herself set up a mind .	6.1227006912231445	Sarah could think about herself setting up a mind .	6.2279253005981445	incorrect
Obama could think about himself plans a mind .	7.951905727386475	Obama could think about himself planning a mind .	7.405181884765625	correct
Sarah could think about herself plans a mind .	7.871980667114258	Sarah could think about herself planning a mind .	7.082064628601074	correct
Allen must not think about himself covered that color .	7.486630916595459	Allen must not think about himself covering that color .	7.708181858062744	incorrect
Anne must not think about herself covered that color .	7.005107402801514	Anne must not think about herself covering that color .	7.214717388153076	incorrect
Allen must not think about himself makes that color .	7.463772773742676	Allen must not think about himself making that color .	7.271565914154053	correct
Anne must not think about herself makes that color .	6.845425605773926	Anne must not think about herself making that color .	6.759270668029785	correct
Ben thought about himself called that valley .	7.604034900665283	Ben thought about himself calling that valley .	8.307116508483887	incorrect
Anne thought about herself called that valley .	7.511682510375977	Anne thought about herself calling that valley .	7.833600044250488	incorrect
Ben thought about himself stands that valley .	8.644895553588867	Ben thought about himself standing that valley .	7.91860294342041	correct
Anne thought about herself stands that valley .	8.068137168884277	Anne thought about herself standing that valley .	7.495099067687988	correct
Donald could think about himself called a couple .	6.932527542114258	Donald could think about himself calling a couple .	6.890231132507324	correct
Maria could think about herself called a couple .	7.192967891693115	Maria could think about herself calling a couple .	6.946471214294434	correct
Donald could think about himself starts a couple .	7.382270812988281	Donald could think about himself starting a couple .	6.578339576721191	correct
Maria could think about herself starts a couple .	7.406466960906982	Maria could think about herself starting a couple .	6.719878673553467	correct
Carter did not think about himself put away a game .	6.443287372589111	Carter did not think about himself putting away a game .	6.532715797424316	incorrect
Maria did not think about herself put away a game .	5.734999656677246	Maria did not think about herself putting away a game .	5.739585876464844	incorrect
Carter did not think about himself tests a game .	7.458047389984131	Carter did not think about himself testing a game .	6.99843168258667	correct
Maria did not think about herself tests a game .	6.734049320220947	Maria did not think about herself testing a game .	6.2483439445495605	correct
Richard could think about himself moved that stadium .	7.223592281341553	Richard could think about himself moving that stadium .	6.784948825836182	correct
Sarah could think about herself moved that stadium .	7.9074530601501465	Sarah could think about herself moving that stadium .	7.385950088500977	correct
Richard could think about himself goes to that stadium .	6.1837263107299805	Richard could think about himself going to that stadium .	5.764322757720947	correct
Sarah could think about herself goes to that stadium .	6.7793474197387695	Sarah could think about herself going to that stadium .	6.300820350646973	correct
Gregory must not think about himself tried the stadium .	7.286351680755615	Gregory must not think about himself trying the stadium .	7.037448883056641	correct
Anne must not think about herself tried the stadium .	7.567486763000488	Anne must not think about herself trying the stadium .	7.338914394378662	correct
Gregory must not think about himself plans the stadium .	7.529954433441162	Gregory must not think about himself planning the stadium .	7.2061591148376465	correct
Anne must not think about herself plans the stadium .	7.803408145904541	Anne must not think about herself planning the stadium .	7.28371524810791	correct
Louis must not think about himself covered this stadium .	6.3420538902282715	Louis must not think about himself covering this stadium .	6.375823497772217	incorrect
Anne must not think about herself covered this stadium .	7.431740760803223	Anne must not think about herself covering this stadium .	7.355165004730225	correct
Louis must not think about himself records this stadium .	7.325109958648682	Louis must not think about himself recording this stadium .	6.504113674163818	correct
Anne must not think about herself records this stadium .	8.085331916809082	Anne must not think about herself recording this stadium .	7.497554779052734	correct
Robert thinks about himself set up the stadium .	6.377788066864014	Robert thinks about himself setting up the stadium .	6.222287654876709	correct
Anne thinks about herself set up the stadium .	7.131640911102295	Anne thinks about herself setting up the stadium .	7.264575481414795	incorrect
Robert thinks about himself records the stadium .	8.07526683807373	Robert thinks about himself recording the stadium .	7.101254940032959	correct
Anne thinks about herself records the stadium .	8.772961616516113	Anne thinks about herself recording the stadium .	8.060521125793457	correct
Joseph did not think about himself called that bird .	6.534098148345947	Joseph did not think about himself calling that bird .	6.718410491943359	incorrect
Sarah did not think about herself called that bird .	6.133193492889404	Sarah did not think about herself calling that bird .	6.098766803741455	correct
Joseph did not think about himself covers that bird .	7.167336463928223	Joseph did not think about himself covering that bird .	6.901881217956543	correct
Sarah did not think about herself covers that bird .	6.869764804840088	Sarah did not think about herself covering that bird .	6.493241310119629	correct
Sam could think about himself lived in a stadium .	6.314029216766357	Sam could think about himself living in a stadium .	6.0738630294799805	correct
Maria could think about herself lived in a stadium .	6.575935363769531	Maria could think about herself living in a stadium .	6.2135009765625	correct
Sam could think about himself covers a stadium .	7.654073715209961	Sam could think about himself covering a stadium .	7.298738479614258	correct
Maria could think about herself covers a stadium .	8.020702362060547	Maria could think about herself covering a stadium .	7.697414875030518	correct
Simon could think about himself tried a dinner .	8.045629501342773	Simon could think about himself trying a dinner .	7.837923049926758	correct
Sarah could think about herself tried a dinner .	7.570967674255371	Sarah could think about herself trying a dinner .	7.277157306671143	correct
Simon could think about himself records a dinner .	8.714991569519043	Simon could think about himself recording a dinner .	8.007668495178223	correct
Sarah could think about herself records a dinner .	8.121810913085938	Sarah could think about herself recording a dinner .	7.201003074645996	correct
Robert must not think about himself ran to the cabinet .	6.722968101501465	Robert must not think about himself running to the cabinet .	6.402678966522217	correct
Anne must not think about herself ran to the cabinet .	6.4186110496521	Anne must not think about herself running to the cabinet .	6.212599277496338	correct
Robert must not think about himself sees the cabinet .	7.090197563171387	Robert must not think about himself seeing the cabinet .	6.682582855224609	correct
Anne must not think about herself sees the cabinet .	6.894584655761719	Anne must not think about herself seeing the cabinet .	6.8086981773376465	correct
Allen must think about himself tried a valley .	8.827862739562988	Allen must think about himself trying a valley .	8.540457725524902	correct
Maria must think about herself tried a valley .	7.717687129974365	Maria must think about herself trying a valley .	7.29191780090332	correct
Allen must think about himself records a valley .	9.405744552612305	Allen must think about himself recording a valley .	8.653152465820312	correct
Maria must think about herself records a valley .	8.306401252746582	Maria must think about herself recording a valley .	7.486560344696045	correct
Allen did not think about himself tried a cast .	6.743444919586182	Allen did not think about himself trying a cast .	6.66832971572876	correct
