sentence1	PPL1	Sentence2	PPL2	Correct
your grandmother that hears these doctors could hate themselves .	8.549666404724121	your grandmother that hears these doctors could hate herself .	8.695761680603027	incorrect
the doctors who talk about Anne were n't talking about herself .	6.859504699707031	the doctors who talk about Anne were n't talking about themselves .	6.750140190124512	correct
that king that knows these doctors had talked about themselves .	7.276771545410156	that king that knows these doctors had talked about himself .	7.174904823303223	correct
these teachers that can n't see your sister looked like herself .	7.277948379516602	these teachers that can n't see your sister looked like themselves .	7.213624477386475	correct
my teachers who have talked about Scott had n't talked about himself .	6.534071922302246	my teachers who have talked about Scott had n't talked about themselves .	6.5306596755981445	correct
your wife that noticed Eric had noticed himself .	8.29665756225586	your wife that noticed Eric had noticed herself .	8.371169090270996	incorrect
these children that think about my mom hate herself .	7.332968235015869	these children that think about my mom hate themselves .	7.076263427734375	correct
my friends who wo n't love April hear herself .	8.662199020385742	my friends who wo n't love April hear themselves .	8.556218147277832	correct
the king who loves your friends does n't sound like themselves .	7.034169673919678	the king who loves your friends does n't sound like himself .	7.029504299163818	correct
this man that heard the children did n't hear themselves .	6.680843830108643	this man that heard the children did n't hear himself .	6.714325904846191	incorrect
those people that have n't thought about your mom forgot herself .	6.818237781524658	those people that have n't thought about your mom forgot themselves .	6.553318977355957	correct
these children who were talking about your mother have n't seen herself .	6.417904853820801	these children who were talking about your mother have n't seen themselves .	6.375811576843262	correct
the teachers that heard your mother sounded like herself .	6.928859233856201	the teachers that heard your mother sounded like themselves .	6.872067928314209	correct
that girl that loves my brother likes himself .	7.061439514160156	that girl that loves my brother likes herself .	7.170052528381348	incorrect
your mom that was n't talking about my teachers looked like themselves .	7.284995079040527	your mom that was n't talking about my teachers looked like herself .	7.594326972961426	incorrect
my brother that may look like Julie had remembered herself .	6.9291839599609375	my brother that may look like Julie had remembered himself .	6.932371616363525	incorrect
the lady that did n't love these people could remember themselves .	7.232730865478516	the lady that did n't love these people could remember herself .	7.4218645095825195	incorrect
the king that does n't think about that woman has talked about herself .	6.52977180480957	the king that does n't think about that woman has talked about himself .	6.622167587280273	incorrect
my mother that had n't seen the teachers looks like themselves .	6.972855567932129	my mother that had n't seen the teachers looks like herself .	7.048455715179443	incorrect
those people who sounded like the boy look like himself .	5.400564193725586	those people who sounded like the boy look like themselves .	5.229904651641846	correct
your friends who would see Kristen liked herself .	7.565242767333984	your friends who would see Kristen liked themselves .	7.675576210021973	incorrect
that guy who might think about the children sounded like themselves .	5.528453826904297	that guy who might think about the children sounded like himself .	5.396232604980469	correct
my husband that is talking about the girl has n't remembered herself .	6.832096099853516	my husband that is talking about the girl has n't remembered himself .	6.844196319580078	incorrect
this guy who would hear your teachers loves themselves .	7.888685703277588	this guy who would hear your teachers loves himself .	7.6389312744140625	correct
my cousins that have seen that king did n't notice himself .	7.667686462402344	my cousins that have seen that king did n't notice themselves .	7.608632564544678	correct
the teachers who noticed my father know himself .	8.360363960266113	the teachers who noticed my father know themselves .	8.280111312866211	correct
these people that are n't talking about Michael must hate himself .	6.798920154571533	these people that are n't talking about Michael must hate themselves .	6.7654643058776855	correct
your dad that hears your cousins looks like themselves .	7.598604679107666	your dad that hears your cousins looks like himself .	7.859605312347412	incorrect
those doctors who forgot your husband remembered himself .	7.877189636230469	those doctors who forgot your husband remembered themselves .	7.805250644683838	correct
that woman who sounds like the boy thought about himself .	5.92221736907959	that woman who sounds like the boy thought about herself .	5.937036514282227	incorrect
that guy that is talking about Kayla was n't thinking about herself .	6.081411838531494	that guy that is talking about Kayla was n't thinking about himself .	6.014267444610596	correct
that girl that liked Gregory talks about himself .	7.62027645111084	that girl that liked Gregory talks about herself .	7.667303562164307	incorrect
your dad that liked my cousins was thinking about themselves .	7.516222953796387	your dad that liked my cousins was thinking about himself .	7.593202114105225	incorrect
that king who could n't hear those teachers talks about themselves .	7.477986812591553	that king who could n't hear those teachers talks about himself .	7.398353099822998	correct
those doctors who liked that lady talk about herself .	7.7818732261657715	those doctors who liked that lady talk about themselves .	7.722628116607666	correct
these doctors that have heard your dad may see himself .	6.41519832611084	these doctors that have heard your dad may see themselves .	6.209497451782227	correct
my doctors that thought about the man like himself .	6.460484027862549	my doctors that thought about the man like themselves .	6.691658020019531	incorrect
your friends who did n't remember my father do n't forget himself .	6.579945087432861	your friends who did n't remember my father do n't forget themselves .	6.628357410430908	incorrect
my cousins that know this queen look like herself .	7.20738410949707	my cousins that know this queen look like themselves .	7.111366271972656	correct
my teachers who talked about Carl talk about himself .	7.291121482849121	my teachers who talked about Carl talk about themselves .	7.35438871383667	incorrect
the people who saw my sister sound like herself .	6.077015399932861	the people who saw my sister sound like themselves .	5.818349361419678	correct
that girl that hears this man hears himself .	6.474776744842529	that girl that hears this man hears herself .	6.637469291687012	incorrect
my mother who had n't talked about my son wo n't know himself .	6.206761360168457	my mother who had n't talked about my son wo n't know herself .	6.308216571807861	incorrect
my son that has heard your cousins loves themselves .	7.816867351531982	my son that has heard your cousins loves himself .	7.841249942779541	incorrect
my friends who saw George heard himself .	8.415064811706543	my friends who saw George heard themselves .	8.57886028289795	incorrect
your daughter that was n't thinking about this guy heard himself .	7.500805377960205	your daughter that was n't thinking about this guy heard herself .	7.695059776306152	incorrect
your husband that had n't talked about that queen loves herself .	7.652245998382568	your husband that had n't talked about that queen loves himself .	7.815257549285889	incorrect
these people that had seen my son thought about himself .	5.982938766479492	these people that had seen my son thought about themselves .	6.0548858642578125	incorrect
my doctors that would n't think about that woman heard herself .	8.206850051879883	my doctors that would n't think about that woman heard themselves .	8.175251007080078	correct
these doctors that sounded like your grandmother talked about herself .	6.574520111083984	these doctors that sounded like your grandmother talked about themselves .	6.5410614013671875	correct
your sister that should n't hate Todd knows himself .	9.419268608093262	your sister that should n't hate Todd knows herself .	9.49036979675293	incorrect
these children that should n't hear Sara did n't hate herself .	7.490322589874268	these children that should n't hear Sara did n't hate themselves .	7.48403787612915	correct
my husband who has n't noticed your teachers looked like themselves .	7.333683013916016	my husband who has n't noticed your teachers looked like himself .	7.537147045135498	incorrect
this king that would n't know your grandmother looked like herself .	7.356943130493164	this king that would n't know your grandmother looked like himself .	7.39425802230835	incorrect
your husband who hears those doctors knows themselves .	9.043201446533203	your husband who hears those doctors knows himself .	9.042158126831055	correct
that girl that had n't remembered the man talks about himself .	6.797289848327637	that girl that had n't remembered the man talks about herself .	6.800619125366211	incorrect
your father that looks like these people has n't thought about themselves .	6.332423210144043	your father that looks like these people has n't thought about himself .	6.411661148071289	incorrect
your mother that forgot my father liked himself .	7.3936448097229	your mother that forgot my father liked herself .	7.56869649887085	incorrect
your friends that are n't talking about James can n't like himself .	6.6982269287109375	your friends that are n't talking about James can n't like themselves .	6.807568550109863	incorrect
your doctors who had n't heard this lady look like herself .	7.450178623199463	your doctors who had n't heard this lady look like themselves .	7.368373394012451	correct
your wife that had n't noticed my doctors was n't talking about themselves .	6.911875247955322	your wife that had n't noticed my doctors was n't talking about herself .	6.9931416511535645	incorrect
your cousins that remembered this lady do n't hate herself .	8.132299423217773	your cousins that remembered this lady do n't hate themselves .	8.098454475402832	correct
this king who was talking about this woman talks about herself .	5.481473445892334	this king who was talking about this woman talks about himself .	5.397880554199219	correct
that boy who talked about your teachers has noticed themselves .	6.902184963226318	that boy who talked about your teachers has noticed himself .	7.052609443664551	incorrect
my son who sees that lady could know herself .	7.094025135040283	my son who sees that lady could know himself .	7.038504123687744	correct
the doctors that hear that man loved himself .	7.906710624694824	the doctors that hear that man loved themselves .	8.106658935546875	incorrect
my cousins that did n't talk about your son looked like himself .	7.10093879699707	my cousins that did n't talk about your son looked like themselves .	7.004312515258789	correct
my mother that might like Donald liked himself .	8.772231101989746	my mother that might like Donald liked herself .	8.966853141784668	incorrect
the man who heard this queen had n't talked about herself .	6.45673131942749	the man who heard this queen had n't talked about himself .	6.447461128234863	correct
your father who would n't like those people was n't talking about themselves .	6.295413970947266	your father who would n't like those people was n't talking about himself .	6.325937271118164	incorrect
the king who thinks about that lady has n't talked about herself .	6.497563362121582	the king who thinks about that lady has n't talked about himself .	6.587861061096191	incorrect
this girl who has heard those children wo n't forget themselves .	6.926145553588867	this girl who has heard those children wo n't forget herself .	6.9827046394348145	incorrect
the teachers who talk about Richard have seen himself .	7.056265830993652	the teachers who talk about Richard have seen themselves .	6.730705261230469	correct
those people that knew the queen loved herself .	6.559919834136963	those people that knew the queen loved themselves .	6.57806396484375	incorrect
that girl who has n't seen those people should n't think about themselves .	5.673849105834961	that girl who has n't seen those people should n't think about herself .	5.820650577545166	incorrect
my daughter who has remembered the teachers knew themselves .	7.646139621734619	my daughter who has remembered the teachers knew herself .	7.6936492919921875	incorrect
my son who should n't remember my friends knew themselves .	7.644063949584961	my son who should n't remember my friends knew himself .	7.741115570068359	incorrect
this guy who would n't see Janet looked like herself .	7.33022403717041	this guy who would n't see Janet looked like himself .	7.32977294921875	correct
that man who forgot these teachers liked themselves .	7.62088680267334	that man who forgot these teachers liked himself .	7.73291015625	incorrect
your teachers who have seen the king should hate himself .	6.906828880310059	your teachers who have seen the king should hate themselves .	7.013991355895996	incorrect
that boy that does n't hear your wife is n't talking about herself .	6.3435564041137695	that boy that does n't hear your wife is n't talking about himself .	6.422311782836914	incorrect
this girl who could see that king talked about himself .	6.392675399780273	this girl who could see that king talked about herself .	6.48040771484375	incorrect
my cousins that could like your brother see himself .	7.464938640594482	my cousins that could like your brother see themselves .	7.27727746963501	correct
this king that might remember the children sees themselves .	7.440059185028076	this king that might remember the children sees himself .	7.327981948852539	correct
this lady that has thought about your friends would look like themselves .	5.979371070861816	this lady that has thought about your friends would look like herself .	6.150197982788086	incorrect
the children who liked my daughter had n't noticed herself .	7.3597540855407715	the children who liked my daughter had n't noticed themselves .	7.212854862213135	correct
your husband who had n't thought about your friends would n't forget themselves .	6.910292625427246	your husband who had n't thought about your friends would n't forget himself .	7.046542167663574	incorrect
your mom that hears the man was n't thinking about himself .	6.9950785636901855	your mom that hears the man was n't thinking about herself .	7.126217842102051	incorrect
your teachers that hate that woman have n't heard herself .	8.573083877563477	your teachers that hate that woman have n't heard themselves .	8.3978910446167	correct
that lady who has remembered your cousins has n't seen themselves .	7.428569316864014	that lady who has remembered your cousins has n't seen herself .	7.48190975189209	incorrect
the teachers who had seen the woman can forget herself .	6.661539554595947	the teachers who had seen the woman can forget themselves .	6.405719757080078	correct
my grandmother that might like Jason will think about himself .	7.017207622528076	my grandmother that might like Jason will think about herself .	7.146543979644775	incorrect
my mother that talked about that man had n't heard himself .	7.23566198348999	my mother that talked about that man had n't heard herself .	7.372649669647217	incorrect
your friends who knew my grandmother could forget herself .	7.003255367279053	your friends who knew my grandmother could forget themselves .	6.889251232147217	correct
the teachers who may look like my brother can n't hear himself .	7.175705432891846	the teachers who may look like my brother can n't hear themselves .	7.1071085929870605	correct
the king that sees your wife heard herself .	7.512328624725342	the king that sees your wife heard himself .	7.4492411613464355	correct
that girl who looked like this boy can n't sound like himself .	6.072443008422852	that girl who looked like this boy can n't sound like herself .	6.119206428527832	incorrect
the guy that could n't like my friends should forget themselves .	7.152709007263184	the guy that could n't like my friends should forget himself .	7.294928550720215	incorrect
the children that sounded like your grandmother can n't look like herself .	5.97825288772583	the children that sounded like your grandmother can n't look like themselves .	5.900998115539551	correct
this woman who talks about those teachers saw themselves .	7.2825608253479	this woman who talks about those teachers saw herself .	7.466239929199219	incorrect
my cousins who talked about Allison sound like herself .	7.948606967926025	my cousins who talked about Allison sound like themselves .	7.8735504150390625	correct
my dad that had heard Cindy will forget herself .	7.324859142303467	my dad that had heard Cindy will forget himself .	7.364014625549316	incorrect
your cousins that heard my wife remembered herself .	8.518646240234375	your cousins that heard my wife remembered themselves .	8.516101837158203	correct
the king who forgot my teachers liked themselves .	7.785525798797607	the king who forgot my teachers liked himself .	7.880834102630615	incorrect
that guy that has seen this woman forgot herself .	6.161988735198975	that guy that has seen this woman forgot himself .	5.899383068084717	correct
my daughter who could n't see my husband had remembered himself .	7.039836406707764	my daughter who could n't see my husband had remembered herself .	7.20163631439209	incorrect
my brother who is talking about the doctors had n't talked about themselves .	5.99658727645874	my brother who is talking about the doctors had n't talked about himself .	5.955456256866455	correct
these people that love the queen noticed herself .	7.723909378051758	these people that love the queen noticed themselves .	7.44827938079834	correct
my sister who can n't think about your husband heard himself .	7.211921691894531	my sister who can n't think about your husband heard herself .	7.519289016723633	incorrect
your teachers that talk about this boy could n't sound like himself .	7.025961875915527	your teachers that talk about this boy could n't sound like themselves .	7.123011589050293	incorrect
my wife who knew your teachers had n't noticed themselves .	7.502269744873047	my wife who knew your teachers had n't noticed herself .	7.752225399017334	incorrect
the children who hate that lady noticed herself .	9.092409133911133	the children who hate that lady noticed themselves .	8.863262176513672	correct
the doctors that look like Alexander might remember himself .	7.421372413635254	the doctors that look like Alexander might remember themselves .	7.42692232131958	incorrect
the people who notice Jane had n't noticed herself .	7.883092403411865	the people who notice Jane had n't noticed themselves .	7.666900634765625	correct
my husband who forgot your grandmother sounded like herself .	6.334439754486084	my husband who forgot your grandmother sounded like himself .	6.33681583404541	incorrect
this king who sees your teachers noticed themselves .	8.633588790893555	this king who sees your teachers noticed himself .	8.689863204956055	incorrect
your daughter who loved my cousins must notice themselves .	8.26383113861084	your daughter who loved my cousins must notice herself .	8.538841247558594	incorrect
your sister who may notice my father heard himself .	8.00275707244873	your sister who may notice my father heard herself .	8.298513412475586	incorrect
that king that hears Emily would forget herself .	8.672935485839844	that king that hears Emily would forget himself .	8.75227165222168	incorrect
that guy that is n't thinking about your friends loves themselves .	6.857085227966309	that guy that is n't thinking about your friends loves himself .	6.845029354095459	correct
my doctors that saw your son looked like himself .	7.331024169921875	my doctors that saw your son looked like themselves .	7.325644493103027	correct
these children who must notice Catherine talked about herself .	7.690070629119873	these children who must notice Catherine talked about themselves .	7.586421489715576	correct
your husband who has n't seen your wife had n't remembered herself .	6.535760402679443	your husband who has n't seen your wife had n't remembered himself .	6.579628944396973	incorrect
your wife that does n't sound like the doctors may talk about themselves .	6.663806438446045	your wife that does n't sound like the doctors may talk about herself .	6.827816009521484	incorrect
that girl that has thought about your friends sees themselves .	6.475311279296875	that girl that has thought about your friends sees herself .	6.531854152679443	incorrect
the boy that had n't thought about my doctors can know themselves .	7.314139366149902	the boy that had n't thought about my doctors can know himself .	7.411046981811523	incorrect
your mother that has n't heard my brother forgot himself .	6.858211517333984	your mother that has n't heard my brother forgot herself .	7.170715808868408	incorrect
the man who loves your friends thought about themselves .	6.052006721496582	the man who loves your friends thought about himself .	6.074396133422852	incorrect
the woman that was n't thinking about the people talks about themselves .	6.219967842102051	the woman that was n't thinking about the people talks about herself .	6.163077354431152	correct
this girl that is n't talking about your father heard himself .	7.1221923828125	this girl that is n't talking about your father heard herself .	7.355926513671875	incorrect
the boy that wo n't know my wife talked about herself .	6.969792366027832	the boy that wo n't know my wife talked about himself .	7.055179595947266	incorrect
my sister who was n't talking about these doctors may look like themselves .	6.54750394821167	my sister who was n't talking about these doctors may look like herself .	6.633155345916748	incorrect
my friends who loved this man saw himself .	7.086580753326416	my friends who loved this man saw themselves .	7.152634620666504	incorrect
this man who saw my mother looked like herself .	6.07700252532959	this man who saw my mother looked like himself .	6.115640640258789	incorrect
this queen who had thought about your brother looks like himself .	6.286248683929443	this queen who had thought about your brother looks like herself .	6.3330512046813965	incorrect
your dad that may sound like this woman liked herself .	7.049861907958984	your dad that may sound like this woman liked himself .	7.159537315368652	incorrect
these teachers that might know my mom talked about herself .	6.917494773864746	these teachers that might know my mom talked about themselves .	6.903696537017822	correct
the teachers that had remembered my grandmother talk about herself .	7.190581798553467	the teachers that had remembered my grandmother talk about themselves .	7.124815464019775	correct
the man who looks like your grandmother likes herself .	6.623661041259766	the man who looks like your grandmother likes himself .	6.685262203216553	incorrect
my dad that saw this woman has remembered herself .	6.499232769012451	my dad that saw this woman has remembered himself .	6.617409706115723	incorrect
the doctors that must know my dad talked about himself .	6.2164626121521	the doctors that must know my dad talked about themselves .	6.2178473472595215	incorrect
my wife that had n't seen William does n't notice himself .	7.042652130126953	my wife that had n't seen William does n't notice herself .	7.154631614685059	incorrect
that lady that has thought about those children could n't hate themselves .	6.966963768005371	that lady that has thought about those children could n't hate herself .	7.056116104125977	incorrect
the girl that must like the doctors heard themselves .	7.706430912017822	the girl that must like the doctors heard herself .	7.820650100708008	incorrect
this woman that was n't talking about my teachers looks like themselves .	6.921788215637207	this woman that was n't talking about my teachers looks like herself .	6.927440166473389	incorrect
the doctors who were n't talking about Wendy had heard herself .	7.614459991455078	the doctors who were n't talking about Wendy had heard themselves .	7.5096588134765625	correct
my son that will like that woman can n't love herself .	7.267336845397949	my son that will like that woman can n't love himself .	7.298641204833984	incorrect
these children who are n't talking about your dad might hate himself .	5.957785129547119	these children who are n't talking about your dad might hate themselves .	5.799886703491211	correct
my brother that had n't noticed your teachers has thought about themselves .	7.040102481842041	my brother that had n't noticed your teachers has thought about himself .	7.133053302764893	incorrect
your cousins who had n't heard my brother sounded like himself .	6.305102825164795	your cousins who had n't heard my brother sounded like themselves .	6.310189723968506	incorrect
the people that loved that woman had n't noticed herself .	7.0901618003845215	the people that loved that woman had n't noticed themselves .	6.984820365905762	correct
these doctors that would love my wife see herself .	7.3908233642578125	these doctors that would love my wife see themselves .	7.274875164031982	correct
that girl who forgot my husband knows himself .	6.457383632659912	that girl who forgot my husband knows herself .	6.664644241333008	incorrect
these doctors who know Todd could sound like himself .	7.311397075653076	these doctors who know Todd could sound like themselves .	7.335328578948975	incorrect
your doctors that can n't look like Anna love herself .	8.528417587280273	your doctors that can n't look like Anna love themselves .	8.845900535583496	incorrect
this queen that had seen these teachers likes themselves .	8.294309616088867	this queen that had seen these teachers likes herself .	8.281414985656738	correct
your mom who had n't seen Aaron must talk about himself .	7.008580207824707	your mom who had n't seen Aaron must talk about herself .	7.105024337768555	incorrect
the doctors who thought about Jerry sound like himself .	7.6294403076171875	the doctors who thought about Jerry sound like themselves .	7.666212558746338	incorrect
my brother who loved my doctors knew themselves .	8.18789291381836	my brother who loved my doctors knew himself .	8.249606132507324	incorrect
that guy that likes Wendy might remember herself .	8.473971366882324	that guy that likes Wendy might remember himself .	8.305235862731934	correct
the girl that was n't talking about the man loves himself .	6.454165458679199	the girl that was n't talking about the man loves herself .	6.409854412078857	correct
your friends that forgot Becky hate herself .	7.2880401611328125	your friends that forgot Becky hate themselves .	7.36267614364624	incorrect
the doctors that forgot my father were n't talking about himself .	6.648731231689453	the doctors that forgot my father were n't talking about themselves .	6.639510154724121	correct
my husband who has noticed my grandmother can like herself .	7.018424987792969	my husband who has noticed my grandmother can like himself .	7.221608638763428	incorrect
the teachers that forgot your daughter could love herself .	6.878037929534912	the teachers that forgot your daughter could love themselves .	7.094250679016113	incorrect
your daughter who can sound like Scott sees himself .	7.212386608123779	your daughter who can sound like Scott sees herself .	7.277498722076416	incorrect
these teachers that had remembered Carol had n't seen herself .	7.362674713134766	these teachers that had remembered Carol had n't seen themselves .	7.3441596031188965	correct
the boy that should sound like my grandmother will hate herself .	6.261467933654785	the boy that should sound like my grandmother will hate himself .	6.212456703186035	correct
this lady who knows my son wo n't like himself .	6.9701247215271	this lady who knows my son wo n't like herself .	7.160935878753662	incorrect
that man that liked Jennifer is n't thinking about herself .	7.237847328186035	that man that liked Jennifer is n't thinking about himself .	7.16263484954834	correct
the doctors who saw this boy hate himself .	7.622771739959717	the doctors who saw this boy hate themselves .	7.406763553619385	correct
my mother who has seen Donald liked himself .	7.731757164001465	my mother who has seen Donald liked herself .	8.026391983032227	incorrect
your sister that has noticed those people had heard themselves .	7.129734516143799	your sister that has noticed those people had heard herself .	7.393392086029053	incorrect
my grandmother that had n't heard that boy might notice himself .	7.3681769371032715	my grandmother that had n't heard that boy might notice herself .	7.4646406173706055	incorrect
this girl who has seen your friends forgot themselves .	6.145254611968994	this girl who has seen your friends forgot herself .	6.314941883087158	incorrect
these children that sounded like Donald think about himself .	6.31390905380249	these children that sounded like Donald think about themselves .	6.272409915924072	correct
the teachers that knew Laurie hate herself .	10.014521598815918	the teachers that knew Laurie hate themselves .	9.638562202453613	correct
the man that had seen the children sounds like themselves .	5.739167213439941	the man that had seen the children sounds like himself .	5.675800323486328	correct
my father that sees that girl had talked about herself .	6.35213565826416	my father that sees that girl had talked about himself .	6.361654758453369	incorrect
your daughter that knew your father hears himself .	8.474002838134766	your daughter that knew your father hears herself .	8.685152053833008	incorrect
this girl that liked my cousins looks like themselves .	7.391671180725098	this girl that liked my cousins looks like herself .	7.454372882843018	incorrect
these children who sound like your father can like himself .	6.13276481628418	these children who sound like your father can like themselves .	6.1141180992126465	correct
those doctors that loved Mark would n't hear himself .	8.588046073913574	those doctors that loved Mark would n't hear themselves .	8.618817329406738	incorrect
your friends that loved that boy may love himself .	7.357507228851318	your friends that loved that boy may love themselves .	7.493980407714844	incorrect
the doctors that hear my grandmother look like herself .	7.27616024017334	the doctors that hear my grandmother look like themselves .	7.11165714263916	correct
this queen who knew Jason knew himself .	7.692224025726318	this queen who knew Jason knew herself .	8.00442886352539	incorrect
your grandmother who heard these people thought about themselves .	6.806313991546631	your grandmother who heard these people thought about herself .	7.0650177001953125	incorrect
your father that remembered your daughter has n't remembered herself .	7.985378265380859	your father that remembered your daughter has n't remembered himself .	8.147058486938477	incorrect
my father who will hate those children sounded like themselves .	6.316120624542236	my father who will hate those children sounded like himself .	6.264211654663086	correct
those people that had seen Rebecca forget herself .	6.995236873626709	those people that had seen Rebecca forget themselves .	6.765041828155518	correct
these children who will think about Steven have n't remembered himself .	7.555583477020264	these children who will think about Steven have n't remembered themselves .	7.501201152801514	correct
your daughter who had n't thought about the teachers has talked about themselves .	6.624480247497559	your daughter who had n't thought about the teachers has talked about herself .	6.620352745056152	correct
the people who will sound like my dad might notice himself .	5.847973823547363	the people who will sound like my dad might notice themselves .	5.647004127502441	correct
that man who would look like that lady loved herself .	6.515397548675537	that man who would look like that lady loved himself .	6.44551420211792	correct
this lady that had n't talked about the people has noticed themselves .	6.816025257110596	this lady that had n't talked about the people has noticed herself .	6.83460807800293	incorrect
your brother that heard my doctors sees themselves .	8.910888671875	your brother that heard my doctors sees himself .	9.013045310974121	incorrect
the queen who has n't talked about my doctors forgot themselves .	7.082408905029297	the queen who has n't talked about my doctors forgot herself .	7.165640830993652	incorrect
the children who see my brother can n't think about himself .	6.556288719177246	the children who see my brother can n't think about themselves .	6.514477729797363	correct
this woman who thought about those teachers knew themselves .	7.416717529296875	this woman who thought about those teachers knew herself .	7.56381893157959	incorrect
the boy that looks like Deborah is talking about herself .	5.7027788162231445	the boy that looks like Deborah is talking about himself .	5.68018102645874	correct
my father who would n't look like my cousins can love themselves .	6.854199409484863	my father who would n't look like my cousins can love himself .	6.97592306137085	incorrect
my doctors that are n't thinking about Jessica remembered herself .	8.238965034484863	my doctors that are n't thinking about Jessica remembered themselves .	8.135429382324219	correct
that queen who had n't seen my brother sees himself .	7.047280788421631	that queen who had n't seen my brother sees herself .	7.122620582580566	incorrect
these teachers that sounded like that girl are n't thinking about herself .	6.131235122680664	these teachers that sounded like that girl are n't thinking about themselves .	6.055482387542725	correct
my friends who were thinking about my daughter think about herself .	5.869683265686035	my friends who were thinking about my daughter think about themselves .	5.959174633026123	incorrect
your daughter that did n't sound like that guy did n't talk about himself .	6.0633158683776855	your daughter that did n't sound like that guy did n't talk about herself .	6.151059150695801	incorrect
these doctors that could n't sound like the woman looked like herself .	7.013507843017578	these doctors that could n't sound like the woman looked like themselves .	7.030327320098877	incorrect
these children that notice the girl would like herself .	6.759241580963135	these children that notice the girl would like themselves .	6.598935604095459	correct
my father who must notice Laurie looked like herself .	8.049662590026855	my father who must notice Laurie looked like himself .	7.9815802574157715	correct
the lady that may see your cousins was n't talking about themselves .	7.02622127532959	the lady that may see your cousins was n't talking about herself .	7.187668323516846	incorrect
my father who has n't remembered your teachers was n't talking about themselves .	6.595574378967285	my father who has n't remembered your teachers was n't talking about himself .	6.651061534881592	incorrect
my brother that could see the lady can n't hate herself .	7.156901836395264	my brother that could see the lady can n't hate himself .	7.159224987030029	incorrect
your brother who thought about Sandra likes herself .	8.161646842956543	your brother who thought about Sandra likes himself .	8.208426475524902	incorrect
my wife that loves this guy thought about himself .	6.755263328552246	my wife that loves this guy thought about herself .	6.894084930419922	incorrect
your teachers who must talk about Ronald are n't talking about himself .	7.494171619415283	your teachers who must talk about Ronald are n't talking about themselves .	7.339183807373047	correct
the queen who has noticed those doctors looks like themselves .	6.976783275604248	the queen who has noticed those doctors looks like herself .	6.9706926345825195	correct
my grandmother who was talking about your son likes himself .	6.935191631317139	my grandmother who was talking about your son likes herself .	7.0718536376953125	incorrect
this girl who remembered the doctors knew themselves .	7.717858791351318	this girl who remembered the doctors knew herself .	7.650179386138916	correct
these people who know your mother can n't remember herself .	6.826615333557129	these people who know your mother can n't remember themselves .	6.740314483642578	correct
that man that noticed this lady had noticed herself .	6.852665424346924	that man that noticed this lady had noticed himself .	6.8321990966796875	correct
the man that has talked about your mom may like herself .	6.443299293518066	the man that has talked about your mom may like himself .	6.481295585632324	incorrect
this queen that would n't see Patrick saw himself .	8.315096855163574	this queen that would n't see Patrick saw herself .	8.41094970703125	incorrect
that boy that saw my cousins is talking about themselves .	6.8111162185668945	that boy that saw my cousins is talking about himself .	6.934684753417969	incorrect
your doctors who were n't thinking about that man have heard himself .	7.4625935554504395	your doctors who were n't thinking about that man have heard themselves .	7.354283332824707	correct
my daughter who thinks about that man thinks about himself .	5.747212886810303	my daughter who thinks about that man thinks about herself .	5.912036418914795	incorrect
that girl that may love my doctors sounds like themselves .	7.619189739227295	that girl that may love my doctors sounds like herself .	7.642904758453369	incorrect
your grandmother who had n't seen my doctors loves themselves .	8.124114990234375	your grandmother who had n't seen my doctors loves herself .	8.102611541748047	correct
the people who do n't know Jason had n't heard himself .	6.34132194519043	the people who do n't know Jason had n't heard themselves .	6.365857124328613	incorrect
your mom who has heard the teachers knew themselves .	7.482293128967285	your mom who has heard the teachers knew herself .	7.709306240081787	incorrect
my wife who has remembered the teachers would notice themselves .	7.4005866050720215	my wife who has remembered the teachers would notice herself .	7.591028690338135	incorrect
my daughter that knows the man sees himself .	6.919351100921631	my daughter that knows the man sees herself .	7.102876663208008	incorrect
my father who was n't thinking about that girl was n't thinking about herself .	5.169275760650635	my father who was n't thinking about that girl was n't thinking about himself .	5.191435813903809	incorrect
these people that forget that queen had n't heard herself .	7.480645656585693	these people that forget that queen had n't heard themselves .	7.394786834716797	correct
this man who loved those people has n't noticed themselves .	6.9854736328125	this man who loved those people has n't noticed himself .	7.019860744476318	incorrect
those doctors that saw my sister looked like herself .	7.4974284172058105	those doctors that saw my sister looked like themselves .	7.4324541091918945	correct
that lady who would love this boy must like himself .	6.416062831878662	that lady who would love this boy must like herself .	6.504403591156006	incorrect
your friends who are n't talking about my wife have noticed herself .	7.017345905303955	your friends who are n't talking about my wife have noticed themselves .	6.848813056945801	correct
my friends that noticed Joseph did n't notice himself .	8.32948112487793	my friends that noticed Joseph did n't notice themselves .	8.334879875183105	incorrect
the guy who had n't thought about your teachers has n't seen themselves .	6.313278675079346	the guy who had n't thought about your teachers has n't seen himself .	6.301657199859619	correct
this man that loved your daughter loves herself .	7.01912784576416	this man that loved your daughter loves himself .	7.149472236633301	incorrect
your dad that talked about those doctors loved themselves .	7.515737056732178	your dad that talked about those doctors loved himself .	7.73007869720459	incorrect
those doctors who like your mother heard herself .	8.088855743408203	those doctors who like your mother heard themselves .	7.864645481109619	correct
these teachers that liked that guy sounded like himself .	6.712319374084473	these teachers that liked that guy sounded like themselves .	6.865913391113281	incorrect
these teachers who are n't talking about that boy were talking about himself .	6.19966459274292	these teachers who are n't talking about that boy were talking about themselves .	6.102646350860596	correct
this king that liked those people talked about themselves .	7.113049030303955	this king that liked those people talked about himself .	7.045860767364502	correct
my mother who sounds like my doctors has n't heard themselves .	7.446921348571777	my mother who sounds like my doctors has n't heard herself .	7.559876918792725	incorrect
this king that was n't talking about that woman thinks about herself .	6.4572672843933105	this king that was n't talking about that woman thinks about himself .	6.505519390106201	incorrect
my husband who talks about Tracy can notice herself .	8.120524406433105	my husband who talks about Tracy can notice himself .	8.095038414001465	correct
the children who should notice my husband can like himself .	7.04977560043335	the children who should notice my husband can like themselves .	6.997867107391357	correct
this boy who will know my sister will look like herself .	5.61621618270874	this boy who will know my sister will look like himself .	5.677654266357422	incorrect
my doctors that may hear the guy had n't heard himself .	7.568482875823975	my doctors that may hear the guy had n't heard themselves .	7.673933982849121	incorrect
your grandmother who has n't thought about my brother will look like himself .	6.52156400680542	your grandmother who has n't thought about my brother will look like herself .	6.644421577453613	incorrect
this girl that thought about those children has n't heard themselves .	7.364527702331543	this girl that thought about those children has n't heard herself .	7.445151329040527	incorrect
my wife that had noticed my teachers likes themselves .	8.69715404510498	my wife that had noticed my teachers likes herself .	8.795588493347168	incorrect
your wife that may love the guy sounds like himself .	7.2495856285095215	your wife that may love the guy sounds like herself .	7.393548011779785	incorrect
the children who will look like the woman remember herself .	6.7403483390808105	the children who will look like the woman remember themselves .	6.515251159667969	correct
my sister that loved this boy has n't heard himself .	7.820767879486084	my sister that loved this boy has n't heard herself .	7.955437660217285	incorrect
my dad who was thinking about these children might sound like themselves .	5.458868980407715	my dad who was thinking about these children might sound like himself .	5.437976360321045	correct
your mother who had noticed those children forgot themselves .	6.74643611907959	your mother who had noticed those children forgot herself .	6.790180206298828	incorrect
this girl who liked my friends forgot themselves .	6.6278791427612305	this girl who liked my friends forgot herself .	6.822020530700684	incorrect
this queen who has noticed these children has noticed themselves .	6.759446144104004	this queen who has noticed these children has noticed herself .	6.963604927062988	incorrect
your father that heard your doctors sees themselves .	8.94402027130127	your father that heard your doctors sees himself .	9.042805671691895	incorrect
this king who has noticed your cousins loved themselves .	7.905731201171875	this king who has noticed your cousins loved himself .	8.02570629119873	incorrect
the girl who should know these children sees themselves .	6.987944602966309	the girl who should know these children sees herself .	7.233482360839844	incorrect
this queen who had n't talked about my brother knows himself .	6.959393501281738	this queen who had n't talked about my brother knows herself .	7.065380096435547	incorrect
my mom that has n't thought about the teachers is thinking about themselves .	6.745153427124023	my mom that has n't thought about the teachers is thinking about herself .	6.841750621795654	incorrect
your cousins that noticed the man could n't look like himself .	7.392510414123535	your cousins that noticed the man could n't look like themselves .	7.473588943481445	incorrect
my daughter that sees this king noticed himself .	8.07180404663086	my daughter that sees this king noticed herself .	8.23845100402832	incorrect
my friends who love my sister had n't noticed herself .	7.525554656982422	my friends who love my sister had n't noticed themselves .	7.468816757202148	correct
those children that have n't thought about Jane see herself .	7.672751426696777	those children that have n't thought about Jane see themselves .	7.4106855392456055	correct
my grandmother that remembered my teachers did n't notice themselves .	8.339165687561035	my grandmother that remembered my teachers did n't notice herself .	8.608912467956543	incorrect
the lady that looks like your son thinks about himself .	6.076651096343994	the lady that looks like your son thinks about herself .	6.289348125457764	incorrect
the people who would love this guy talked about himself .	5.867623805999756	the people who would love this guy talked about themselves .	5.81193208694458	correct
your cousins that think about Barbara are n't talking about herself .	7.412199020385742	your cousins that think about Barbara are n't talking about themselves .	7.387813091278076	correct
your husband who sounded like your sister would n't remember herself .	7.07029914855957	your husband who sounded like your sister would n't remember himself .	7.0895676612854	incorrect
these doctors who might look like my brother know himself .	7.0471954345703125	these doctors who might look like my brother know themselves .	6.938413619995117	correct
this boy who will sound like the doctors should n't notice themselves .	6.899441719055176	this boy who will sound like the doctors should n't notice himself .	6.828644275665283	correct
that boy who has n't heard Sally sounds like herself .	6.805741786956787	that boy who has n't heard Sally sounds like himself .	6.8096160888671875	incorrect
the woman who should know the children is n't thinking about themselves .	5.782362461090088	the woman who should know the children is n't thinking about herself .	5.808359622955322	incorrect
my friends who look like your father know himself .	7.043533802032471	my friends who look like your father know themselves .	7.0796427726745605	incorrect
your doctors that are thinking about the queen sounded like herself .	6.569152355194092	your doctors that are thinking about the queen sounded like themselves .	6.612328052520752	incorrect
my dad who can n't hear those people had n't thought about themselves .	5.980960845947266	my dad who can n't hear those people had n't thought about himself .	6.053964614868164	incorrect
your dad who thinks about Laurie loved herself .	8.068194389343262	your dad who thinks about Laurie loved himself .	8.066393852233887	correct
this girl that had n't seen these people hears themselves .	7.176896095275879	this girl that had n't seen these people hears herself .	7.189235687255859	incorrect
your mother who knows those teachers noticed themselves .	8.221759796142578	your mother who knows those teachers noticed herself .	8.421881675720215	incorrect
your teachers that must remember that girl have n't remembered herself .	7.912471294403076	your teachers that must remember that girl have n't remembered themselves .	7.830142498016357	correct
the lady who would n't love your father wo n't talk about himself .	6.535755157470703	the lady who would n't love your father wo n't talk about herself .	6.620418071746826	incorrect
your doctors who see the boy thought about himself .	7.195741176605225	your doctors who see the boy thought about themselves .	7.348232269287109	incorrect
my father who looks like my friends was n't talking about themselves .	6.4001665115356445	my father who looks like my friends was n't talking about himself .	6.437637805938721	incorrect
my son that is n't thinking about the teachers likes themselves .	7.599705696105957	my son that is n't thinking about the teachers likes himself .	7.486079692840576	correct
this man that did n't hate Becky thinks about herself .	7.094695091247559	this man that did n't hate Becky thinks about himself .	6.913323879241943	correct
that boy who could n't look like my daughter thought about herself .	6.4200520515441895	that boy who could n't look like my daughter thought about himself .	6.583920001983643	incorrect
this guy who forgot these children sounded like themselves .	6.043195724487305	this guy who forgot these children sounded like himself .	5.955414772033691	correct
my cousins that had heard my dad knew himself .	6.464473724365234	my cousins that had heard my dad knew themselves .	6.514720439910889	incorrect
my brother who will hate your teachers sounds like themselves .	7.38771390914917	my brother who will hate your teachers sounds like himself .	7.37551736831665	correct
these children who noticed Julie have noticed herself .	7.943708896636963	these children who noticed Julie have noticed themselves .	7.661685466766357	correct
that woman that was n't thinking about my father loves himself .	6.90273380279541	that woman that was n't thinking about my father loves herself .	6.908891201019287	incorrect
the people that had n't thought about this boy will forget himself .	6.599614143371582	the people that had n't thought about this boy will forget themselves .	6.454753875732422	correct
this lady that could n't hate Jerry had n't remembered himself .	8.070426940917969	this lady that could n't hate Jerry had n't remembered herself .	8.134878158569336	incorrect
your teachers who talked about this man would hate himself .	6.981682777404785	your teachers who talked about this man would hate themselves .	7.012791156768799	incorrect
your mom who would n't like my son must talk about himself .	6.707967281341553	your mom who would n't like my son must talk about herself .	6.921507358551025	incorrect
your mother that looked like the guy did n't like himself .	6.57283878326416	your mother that looked like the guy did n't like herself .	6.694107532501221	incorrect
that guy that heard Becca has n't noticed herself .	8.292352676391602	that guy that heard Becca has n't noticed himself .	8.161335945129395	correct
my dad who noticed my mother saw herself .	6.915472984313965	my dad who noticed my mother saw himself .	7.047913074493408	incorrect
my friends that hear Sara know herself .	8.731522560119629	my friends that hear Sara know themselves .	8.708579063415527	correct
that guy that has n't heard my cousins has talked about themselves .	7.184732437133789	that guy that has n't heard my cousins has talked about himself .	7.255559921264648	incorrect
those doctors that are talking about this man should n't look like himself .	6.368810176849365	those doctors that are talking about this man should n't look like themselves .	6.439964294433594	incorrect
my daughter that is thinking about your father thinks about himself .	5.864121913909912	my daughter that is thinking about your father thinks about herself .	6.034183979034424	incorrect
my sister that would forget my friends could n't forget themselves .	7.2157487869262695	my sister that would forget my friends could n't forget herself .	7.4363908767700195	incorrect
your daughter who had n't noticed these children sounds like themselves .	6.925467491149902	your daughter who had n't noticed these children sounds like herself .	7.04335880279541	incorrect
your teachers who talked about Mary heard herself .	8.53144645690918	your teachers who talked about Mary heard themselves .	8.268768310546875	correct
your teachers that talked about this man could n't remember himself .	7.532355308532715	your teachers that talked about this man could n't remember themselves .	7.601877212524414	incorrect
your brother that noticed that woman has seen herself .	7.387031078338623	your brother that noticed that woman has seen himself .	7.407417297363281	incorrect
my grandmother who had remembered your doctors could talk about themselves .	6.814545631408691	my grandmother who had remembered your doctors could talk about herself .	7.024543285369873	incorrect
your wife that wo n't notice my friends is n't talking about themselves .	7.004580974578857	your wife that wo n't notice my friends is n't talking about herself .	7.115771293640137	incorrect
those teachers that looked like Ronald know himself .	8.525745391845703	those teachers that looked like Ronald know themselves .	8.450172424316406	correct
my sister that had seen my son liked himself .	7.42827033996582	my sister that had seen my son liked herself .	7.801290035247803	incorrect
this girl that heard these children talked about themselves .	6.60939359664917	this girl that heard these children talked about herself .	6.5163397789001465	correct
my sister who has noticed Noah has n't remembered himself .	7.773932933807373	my sister who has noticed Noah has n't remembered herself .	7.86486291885376	incorrect
that lady that knows your dad looks like himself .	5.993052959442139	that lady that knows your dad looks like herself .	5.855857849121094	correct
these children that look like my wife should n't sound like herself .	6.511824607849121	these children that look like my wife should n't sound like themselves .	6.535374641418457	incorrect
the children who sound like that woman saw herself .	6.841125965118408	the children who sound like that woman saw themselves .	6.548976421356201	correct
your cousins that talked about Thomas like himself .	7.88893461227417	your cousins that talked about Thomas like themselves .	7.949707984924316	incorrect
my mother that is thinking about my son should n't like himself .	6.475394248962402	my mother that is thinking about my son should n't like herself .	6.621557712554932	incorrect
these doctors that notice Richard can know himself .	8.726896286010742	these doctors that notice Richard can know themselves .	8.688639640808105	correct
the doctors that may notice Stephanie forget herself .	9.645111083984375	the doctors that may notice Stephanie forget themselves .	9.520015716552734	correct
the children that should like Patrick could love himself .	7.56459379196167	the children that should like Patrick could love themselves .	7.49764347076416	correct
your brother who can love Anne has n't noticed herself .	7.9912519454956055	your brother who can love Anne has n't noticed himself .	8.087328910827637	incorrect
the guy who sees these doctors could like themselves .	7.32058572769165	the guy who sees these doctors could like himself .	7.293020725250244	correct
that queen who thought about Gregory knew himself .	8.178875923156738	that queen who thought about Gregory knew herself .	8.335298538208008	incorrect
my sister who likes your doctors knew themselves .	8.825942993164062	my sister who likes your doctors knew herself .	9.07711124420166	incorrect
the woman who noticed your doctors can n't talk about themselves .	7.316219329833984	the woman who noticed your doctors can n't talk about herself .	7.39670467376709	incorrect
your doctors who remember that king hate himself .	8.605031967163086	your doctors who remember that king hate themselves .	8.754279136657715	incorrect
your doctors who think about April are talking about herself .	7.610934257507324	your doctors who think about April are talking about themselves .	7.388174057006836	correct
this guy that knows Becky sees herself .	7.318563938140869	this guy that knows Becky sees himself .	7.072890758514404	correct
your friends who knew my father are thinking about himself .	6.316501617431641	your friends who knew my father are thinking about themselves .	6.403602600097656	incorrect
my teachers that noticed my sister liked herself .	9.205977439880371	my teachers that noticed my sister liked themselves .	9.172289848327637	correct
the teachers who should know Robert notice himself .	8.551804542541504	the teachers who should know Robert notice themselves .	8.324131965637207	correct
your cousins who noticed my sister forget herself .	8.788936614990234	your cousins who noticed my sister forget themselves .	8.601522445678711	correct
my friends who think about the woman look like herself .	5.922709941864014	my friends who think about the woman look like themselves .	5.914281845092773	correct
these doctors who sounded like Andrew forgot himself .	6.348913192749023	these doctors who sounded like Andrew forgot themselves .	6.4070868492126465	incorrect
my dad that likes the doctors looks like themselves .	6.726348876953125	my dad that likes the doctors looks like himself .	6.799466133117676	incorrect
those people that remember Tracy had n't noticed herself .	7.885987281799316	those people that remember Tracy had n't noticed themselves .	7.648476600646973	correct
your teachers that forgot my sister hear herself .	8.47198486328125	your teachers that forgot my sister hear themselves .	8.419949531555176	correct
my dad that sounded like Alice noticed herself .	6.619042873382568	my dad that sounded like Alice noticed himself .	6.666171550750732	incorrect
those people who must love my father liked himself .	7.509701728820801	those people who must love my father liked themselves .	7.5388312339782715	incorrect
the teachers that have n't thought about this lady looked like herself .	7.365747451782227	the teachers that have n't thought about this lady looked like themselves .	7.276416778564453	correct
my father who would hear Vanessa forgot herself .	7.101865768432617	my father who would hear Vanessa forgot himself .	6.9767022132873535	correct
that lady who looks like the people looked like themselves .	5.556012153625488	that lady who looks like the people looked like herself .	5.749438762664795	incorrect
my friends that could n't love this woman had n't seen herself .	6.787355899810791	my friends that could n't love this woman had n't seen themselves .	6.971787929534912	incorrect
the girl who should love the boy could hear himself .	6.255812644958496	the girl who should love the boy could hear herself .	6.358921527862549	incorrect
my friends that have talked about the woman sound like herself .	6.226919651031494	my friends that have talked about the woman sound like themselves .	6.265212535858154	incorrect
my grandmother that knew your doctors had n't heard themselves .	8.27952766418457	my grandmother that knew your doctors had n't heard herself .	8.517641067504883	incorrect
that boy that can love the teachers has n't seen themselves .	7.27400016784668	that boy that can love the teachers has n't seen himself .	7.253040313720703	correct
your friends that talk about Sara will forget herself .	7.576526165008545	your friends that talk about Sara will forget themselves .	7.496281623840332	correct
your son who thinks about Rachel forgot herself .	7.062294006347656	your son who thinks about Rachel forgot himself .	7.011929988861084	correct
your grandmother who does n't know those children could n't forget themselves .	7.275555610656738	your grandmother who does n't know those children could n't forget herself .	7.476051330566406	incorrect
the woman who is thinking about the king was talking about himself .	4.9550886154174805	the woman who is thinking about the king was talking about herself .	4.963858604431152	incorrect
your cousins that can notice this woman thought about herself .	7.389229774475098	your cousins that can notice this woman thought about themselves .	7.520383358001709	incorrect
my son who was thinking about my wife hears herself .	6.608193874359131	my son who was thinking about my wife hears himself .	6.5775580406188965	correct
the boy who looks like my teachers sees themselves .	6.979911804199219	the boy who looks like my teachers sees himself .	6.948380947113037	correct
the teachers who like your son notice himself .	8.319910049438477	the teachers who like your son notice themselves .	7.938981533050537	correct
your husband that saw these children was thinking about themselves .	7.271202087402344	your husband that saw these children was thinking about himself .	7.38267183303833	incorrect
these children that noticed Carl noticed himself .	8.687492370605469	these children that noticed Carl noticed themselves .	8.672598838806152	correct
those children who wo n't know the boy loved himself .	7.159500598907471	those children who wo n't know the boy loved themselves .	7.128813743591309	correct
my cousins that were talking about Anna remember herself .	7.843465328216553	my cousins that were talking about Anna remember themselves .	7.7900238037109375	correct
your father who wo n't forget Marie has remembered herself .	7.955133438110352	your father who wo n't forget Marie has remembered himself .	8.036211967468262	incorrect
my daughter that is n't thinking about my friends can n't look like themselves .	6.322077751159668	my daughter that is n't thinking about my friends can n't look like herself .	6.523116111755371	incorrect
this queen that can see those doctors saw themselves .	7.379730224609375	this queen that can see those doctors saw herself .	7.558767795562744	incorrect
your cousins who have n't seen the king have thought about himself .	6.33884334564209	your cousins who have n't seen the king have thought about themselves .	6.366678714752197	incorrect
the man who thought about my doctors does n't sound like themselves .	6.963120460510254	the man who thought about my doctors does n't sound like himself .	6.936337471008301	correct
the teachers who had n't seen the guy would n't notice himself .	6.828612327575684	the teachers who had n't seen the guy would n't notice themselves .	6.854508876800537	incorrect
that man that has n't noticed your mother talks about herself .	6.877852439880371	that man that has n't noticed your mother talks about himself .	6.9582648277282715	incorrect
my teachers who have n't talked about your wife liked herself .	7.840972900390625	my teachers who have n't talked about your wife liked themselves .	7.588184356689453	correct
my grandmother who would know Dan knew himself .	7.93950080871582	my grandmother who would know Dan knew herself .	8.144947052001953	incorrect
your teachers that think about my son should talk about himself .	6.340386867523193	your teachers that think about my son should talk about themselves .	6.460330009460449	incorrect
my teachers who had heard Brian should know himself .	7.43114709854126	my teachers who had heard Brian should know themselves .	7.521111488342285	incorrect
these teachers that have noticed this woman knew herself .	7.207711696624756	these teachers that have noticed this woman knew themselves .	7.0876007080078125	correct
my doctors who can hear that woman hear herself .	7.772204875946045	my doctors who can hear that woman hear themselves .	7.736785888671875	correct
that queen who liked your husband had n't talked about himself .	7.023224830627441	that queen who liked your husband had n't talked about herself .	7.086516380310059	incorrect
the people that had n't seen that girl saw herself .	6.531994342803955	the people that had n't seen that girl saw themselves .	6.462020397186279	correct
your grandmother who was n't thinking about your friends can n't hear themselves .	7.047172546386719	your grandmother who was n't thinking about your friends can n't hear herself .	7.238821029663086	incorrect
your cousins who forgot my grandmother were thinking about herself .	6.957728385925293	your cousins who forgot my grandmother were thinking about themselves .	6.909272193908691	correct
the man who thought about Julie hears herself .	7.647068500518799	the man who thought about Julie hears himself .	7.578490734100342	correct
those children that wo n't forget Alexander thought about himself .	7.691610336303711	those children that wo n't forget Alexander thought about themselves .	7.8506669998168945	incorrect
this boy who noticed your friends thinks about themselves .	7.194569110870361	this boy who noticed your friends thinks about himself .	7.169846534729004	correct
my husband that had n't remembered that woman knew herself .	7.8633646965026855	my husband that had n't remembered that woman knew himself .	7.92849063873291	incorrect
this woman that has noticed these children does n't know themselves .	7.154062271118164	this woman that has noticed these children does n't know herself .	7.266076564788818	incorrect
my dad who should think about your mom might hear herself .	6.730187892913818	my dad who should think about your mom might hear himself .	6.693815231323242	correct
my father who loves your daughter has n't noticed herself .	7.043849945068359	my father who loves your daughter has n't noticed himself .	7.190595626831055	incorrect
that king that had n't remembered those teachers had noticed themselves .	7.68145751953125	that king that had n't remembered those teachers had noticed himself .	7.834912300109863	incorrect
my mom who sounded like your friends loves themselves .	6.698525428771973	my mom who sounded like your friends loves herself .	6.782550811767578	incorrect
your teachers that look like your mom are talking about herself .	6.418148040771484	your teachers that look like your mom are talking about themselves .	6.374521255493164	correct
my mother that talks about this guy hears himself .	7.593452453613281	my mother that talks about this guy hears herself .	7.736184120178223	incorrect
that king that had n't thought about my cousins would like themselves .	6.980564117431641	that king that had n't thought about my cousins would like himself .	7.130211353302002	incorrect
those people who will know my son can n't look like himself .	6.50792932510376	those people who will know my son can n't look like themselves .	6.5748186111450195	incorrect
that boy who must look like your daughter has talked about herself .	5.6363983154296875	that boy who must look like your daughter has talked about himself .	5.7550153732299805	incorrect
the people who hear this king will see himself .	5.663092613220215	the people who hear this king will see themselves .	5.591246604919434	correct
the people who are thinking about William hate himself .	6.861983299255371	the people who are thinking about William hate themselves .	6.558960914611816	correct
that king who talks about those children loved themselves .	7.333045959472656	that king who talks about those children loved himself .	7.344978332519531	incorrect
my cousins that were n't thinking about this girl will forget herself .	6.768870830535889	my cousins that were n't thinking about this girl will forget themselves .	6.565310001373291	correct
my wife that thinks about the boy has talked about himself .	6.065577030181885	my wife that thinks about the boy has talked about herself .	6.135682106018066	incorrect
this king who loves my mom wo n't notice herself .	7.979348659515381	this king who loves my mom wo n't notice himself .	7.926755905151367	correct
these doctors who sounded like your sister saw herself .	6.896392822265625	these doctors who sounded like your sister saw themselves .	6.671496391296387	correct
my cousins who can n't like your brother knew himself .	7.337559223175049	my cousins who can n't like your brother knew themselves .	7.303572654724121	correct
the doctors that have remembered Liam look like himself .	8.1580810546875	the doctors that have remembered Liam look like themselves .	7.996811866760254	correct
your friends who heard your grandmother noticed herself .	8.425544738769531	your friends who heard your grandmother noticed themselves .	8.318509101867676	correct
the king that may love those teachers has thought about themselves .	7.036327362060547	the king that may love those teachers has thought about himself .	7.050632476806641	incorrect
the man who could n't know that lady could n't think about herself .	5.776959419250488	the man who could n't know that lady could n't think about himself .	5.799176216125488	incorrect
that queen who can n't think about that king should sound like himself .	6.199117183685303	that queen who can n't think about that king should sound like herself .	6.197489261627197	correct
your teachers who remembered that lady had noticed herself .	8.006144523620605	your teachers who remembered that lady had noticed themselves .	7.94207763671875	correct
this boy that is n't thinking about those people would see themselves .	6.157259464263916	this boy that is n't thinking about those people would see himself .	6.280727863311768	incorrect
those teachers that knew your sister might love herself .	7.352064609527588	those teachers that knew your sister might love themselves .	7.434041500091553	incorrect
the children that did n't remember the man will look like himself .	6.525181770324707	the children that did n't remember the man will look like themselves .	6.481190204620361	correct
your grandmother who sees your doctors knew themselves .	9.08055305480957	your grandmother who sees your doctors knew herself .	9.417375564575195	incorrect
that king that has n't seen this lady might forget herself .	7.234912872314453	that king that has n't seen this lady might forget himself .	7.241391181945801	incorrect
these children that were n't thinking about your brother are talking about himself .	5.952713489532471	these children that were n't thinking about your brother are talking about themselves .	5.881626605987549	correct
my friends who can n't sound like that boy had heard himself .	6.882462978363037	my friends who can n't sound like that boy had heard themselves .	6.940833568572998	incorrect
the guy who looks like my mom was n't thinking about herself .	5.771949768066406	the guy who looks like my mom was n't thinking about himself .	5.711156845092773	correct
your friends that loved your mom should notice herself .	8.209521293640137	your friends that loved your mom should notice themselves .	8.058778762817383	correct
your son who sees my friends knows themselves .	8.410642623901367	your son who sees my friends knows himself .	8.417219161987305	incorrect
my wife that sees these teachers might see themselves .	7.591057777404785	my wife that sees these teachers might see herself .	8.093363761901855	incorrect
my sister that would n't talk about these doctors may talk about themselves .	6.697854995727539	my sister that would n't talk about these doctors may talk about herself .	6.827446937561035	incorrect
my teachers who have n't heard your mom are n't talking about herself .	6.135837078094482	my teachers who have n't heard your mom are n't talking about themselves .	6.044582366943359	correct
that man who may think about Denise does n't think about herself .	6.637740135192871	that man who may think about Denise does n't think about himself .	6.676702976226807	incorrect
this girl who sounded like my son knew himself .	6.234221458435059	this girl who sounded like my son knew herself .	6.506085395812988	incorrect
your cousins that wo n't look like this girl wo n't see herself .	6.0993123054504395	your cousins that wo n't look like this girl wo n't see themselves .	6.143441200256348	incorrect
your father that had n't thought about my mother has n't seen herself .	6.108583927154541	your father that had n't thought about my mother has n't seen himself .	6.194285869598389	incorrect
that lady who heard Mark talked about himself .	7.202381610870361	that lady who heard Mark talked about herself .	7.403445720672607	incorrect
that queen that looked like my doctors loves themselves .	8.093589782714844	that queen that looked like my doctors loves herself .	8.079581260681152	correct
my mom who can see this king has n't heard himself .	7.192264080047607	my mom who can see this king has n't heard herself .	7.420803070068359	incorrect
the guy that had n't heard my cousins is talking about themselves .	6.901312351226807	the guy that had n't heard my cousins is talking about himself .	6.866011619567871	correct
those doctors who have remembered Kevin had talked about himself .	7.2178802490234375	those doctors who have remembered Kevin had talked about themselves .	7.258579730987549	incorrect
my friends that sounded like Steve may sound like himself .	5.696135997772217	my friends that sounded like Steve may sound like themselves .	5.728681564331055	incorrect
this boy that should hate your wife liked herself .	8.11165714263916	this boy that should hate your wife liked himself .	8.053441047668457	correct
your dad that loved these children does n't sound like themselves .	7.1788411140441895	your dad that loved these children does n't sound like himself .	7.3628740310668945	incorrect
my dad who has remembered that lady knows herself .	6.842225551605225	my dad who has remembered that lady knows himself .	6.8558502197265625	incorrect
your doctors that liked your son should n't hear himself .	8.74150276184082	your doctors that liked your son should n't hear themselves .	8.862334251403809	incorrect
my son who sounds like these doctors was n't talking about themselves .	6.59868049621582	my son who sounds like these doctors was n't talking about himself .	6.510648727416992	correct
my doctors who hear James must forget himself .	8.549509048461914	my doctors who hear James must forget themselves .	8.490787506103516	correct
that girl who could look like John talked about himself .	5.871011257171631	that girl who could look like John talked about herself .	6.003767490386963	incorrect
my mom who had noticed my cousins thought about themselves .	6.937905788421631	my mom who had noticed my cousins thought about herself .	7.175396919250488	incorrect
your husband that knew your cousins talked about themselves .	8.051315307617188	your husband that knew your cousins talked about himself .	8.146716117858887	incorrect
my husband that was thinking about these teachers thinks about themselves .	6.908219814300537	my husband that was thinking about these teachers thinks about himself .	6.933803558349609	incorrect
your brother that liked the children had n't talked about themselves .	6.904462814331055	your brother that liked the children had n't talked about himself .	6.983173370361328	incorrect
the lady that had thought about George had n't thought about himself .	6.30157470703125	the lady that had thought about George had n't thought about herself .	6.272151470184326	correct
this woman who would n't remember my cousins had n't noticed themselves .	6.927170276641846	this woman who would n't remember my cousins had n't noticed herself .	7.098221302032471	incorrect
your doctors that might notice this king notice himself .	9.26487922668457	your doctors that might notice this king notice themselves .	9.255685806274414	correct
your teachers that may forget your mother wo n't look like herself .	7.41702127456665	your teachers that may forget your mother wo n't look like themselves .	7.48024845123291	incorrect
this lady who loved that guy forgot himself .	6.813510417938232	this lady who loved that guy forgot herself .	6.983469009399414	incorrect
the queen that is n't talking about the children saw themselves .	6.896405220031738	the queen that is n't talking about the children saw herself .	6.984020233154297	incorrect
your wife that can n't hate these children has n't remembered themselves .	7.559854030609131	your wife that can n't hate these children has n't remembered herself .	7.69161319732666	incorrect
my teachers that sound like Donna thought about herself .	7.264337539672852	my teachers that sound like Donna thought about themselves .	7.371755123138428	incorrect
your doctors who can talk about this man talked about himself .	6.464707851409912	your doctors who can talk about this man talked about themselves .	6.49273681640625	incorrect
my wife that knew my cousins would hate themselves .	7.4671502113342285	my wife that knew my cousins would hate herself .	7.740114212036133	incorrect
the children who think about Naomi have n't remembered herself .	7.527207851409912	the children who think about Naomi have n't remembered themselves .	7.361118793487549	correct
those doctors who hate that woman could notice herself .	8.349120140075684	those doctors who hate that woman could notice themselves .	8.139123916625977	correct
the queen who would know my cousins heard themselves .	7.851857662200928	the queen who would know my cousins heard herself .	8.239495277404785	incorrect
your daughter who has thought about these children does n't love themselves .	7.038969993591309	your daughter who has thought about these children does n't love herself .	7.0244245529174805	correct
this guy that knows the woman is talking about herself .	5.289391994476318	this guy that knows the woman is talking about himself .	5.204219341278076	correct
my son who does n't look like the lady did n't look like herself .	5.5642852783203125	my son who does n't look like the lady did n't look like himself .	5.581687927246094	incorrect
my cousins who talk about Janet look like herself .	7.078258991241455	my cousins who talk about Janet look like themselves .	6.928173542022705	correct
my teachers that looked like my dad remember himself .	6.537773132324219	my teachers that looked like my dad remember themselves .	6.400547981262207	correct
the girl that has n't seen the people has noticed themselves .	6.522338390350342	the girl that has n't seen the people has noticed herself .	6.644631862640381	incorrect
the children that had n't talked about Nicole sounded like herself .	6.532459259033203	the children that had n't talked about Nicole sounded like themselves .	6.386301517486572	correct
your wife that talked about this king sounded like himself .	6.960458755493164	your wife that talked about this king sounded like herself .	7.0967535972595215	incorrect
the queen that should look like the doctors looked like themselves .	6.0497660636901855	the queen that should look like the doctors looked like herself .	6.156059265136719	incorrect
that lady that does n't remember my cousins could n't look like themselves .	7.049228191375732	that lady that does n't remember my cousins could n't look like herself .	7.287353992462158	incorrect
your daughter who did n't talk about that guy would forget himself .	7.211695671081543	your daughter who did n't talk about that guy would forget herself .	7.358152389526367	incorrect
this woman who had seen my father has n't thought about himself .	5.986349105834961	this woman who had seen my father has n't thought about herself .	6.085936546325684	incorrect
these people that knew my wife saw herself .	6.8718461990356445	these people that knew my wife saw themselves .	6.690525054931641	correct
my friends who know your grandmother would hate herself .	6.729873180389404	my friends who know your grandmother would hate themselves .	6.6031975746154785	correct
my daughter who talks about the guy talked about himself .	6.010673999786377	my daughter who talks about the guy talked about herself .	6.167291164398193	incorrect
your friends who would love Donna had n't thought about herself .	7.141493320465088	your friends who would love Donna had n't thought about themselves .	7.2734599113464355	incorrect
the guy who thought about Nina is talking about herself .	5.987507343292236	the guy who thought about Nina is talking about himself .	5.9030256271362305	correct
these teachers that hear Judy know herself .	8.553540229797363	these teachers that hear Judy know themselves .	8.344505310058594	correct
my teachers who do n't forget that man see himself .	7.541579246520996	my teachers who do n't forget that man see themselves .	7.6227335929870605	incorrect
your grandmother that can love this boy remembered himself .	7.940312385559082	your grandmother that can love this boy remembered herself .	7.9632720947265625	incorrect
your sister that knew my cousins may hear themselves .	8.302706718444824	your sister that knew my cousins may hear herself .	8.65461254119873	incorrect
my daughter who is talking about your cousins has n't heard themselves .	7.211860179901123	my daughter who is talking about your cousins has n't heard herself .	7.336042404174805	incorrect
this lady who looked like your doctors did n't like themselves .	6.99649715423584	this lady who looked like your doctors did n't like herself .	7.090362548828125	incorrect
the king who had n't noticed my daughter likes herself .	7.615441799163818	the king who had n't noticed my daughter likes himself .	7.830250263214111	incorrect
that boy who could hear this girl can n't see herself .	6.693221092224121	that boy who could hear this girl can n't see himself .	6.6373291015625	correct
your teachers that love my dad do n't remember himself .	7.209695339202881	your teachers that love my dad do n't remember themselves .	7.1521077156066895	correct
this girl who would forget your teachers wo n't know themselves .	7.356714248657227	this girl who would forget your teachers wo n't know herself .	7.414850234985352	incorrect
this lady that noticed my dad is thinking about himself .	6.111686706542969	this lady that noticed my dad is thinking about herself .	6.064206600189209	correct
your mom that had thought about my cousins looks like themselves .	6.994301795959473	your mom that had thought about my cousins looks like herself .	7.2367095947265625	incorrect
the girl who forgot the teachers will remember themselves .	6.337073802947998	the girl who forgot the teachers will remember herself .	6.447697639465332	incorrect
my father that sounds like my sister saw herself .	6.5933308601379395	my father that sounds like my sister saw himself .	6.754744529724121	incorrect
your dad that should n't remember Tracy remembered herself .	8.497722625732422	your dad that should n't remember Tracy remembered himself .	8.41710376739502	correct
the children who had n't noticed this girl have talked about herself .	6.275588035583496	the children who had n't noticed this girl have talked about themselves .	6.123685836791992	correct
my cousins who saw Jason will look like himself .	7.004463195800781	my cousins who saw Jason will look like themselves .	6.942793369293213	correct
that girl who remembered these children sees themselves .	7.584836006164551	that girl who remembered these children sees herself .	7.895051002502441	incorrect
the boy who heard Sarah sees herself .	7.464761257171631	the boy who heard Sarah sees himself .	7.469831943511963	incorrect
your mother who was thinking about the people loves themselves .	6.311840534210205	your mother who was thinking about the people loves herself .	6.171899318695068	correct
those teachers that had thought about this lady talked about herself .	6.956947326660156	those teachers that had thought about this lady talked about themselves .	6.8906097412109375	correct
my brother who should sound like Susan loved herself .	7.207186222076416	my brother who should sound like Susan loved himself .	7.114126682281494	correct
this queen that could hate David sees himself .	7.954607009887695	this queen that could hate David sees herself .	8.074017524719238	incorrect
your daughter that did n't notice these doctors saw themselves .	8.278044700622559	your daughter that did n't notice these doctors saw herself .	8.547775268554688	incorrect
the teachers that know your mother are thinking about herself .	6.520532131195068	the teachers that know your mother are thinking about themselves .	6.438385009765625	correct
those doctors who should n't think about that girl might remember herself .	7.597324371337891	those doctors who should n't think about that girl might remember themselves .	7.541236877441406	correct
my cousins that forget your mom sounded like herself .	7.056100368499756	my cousins that forget your mom sounded like themselves .	6.891551494598389	correct
the girl that had n't remembered those teachers would hate themselves .	7.482877254486084	the girl that had n't remembered those teachers would hate herself .	7.685469627380371	incorrect
the people who may love my mother had n't talked about herself .	6.083564281463623	the people who may love my mother had n't talked about themselves .	6.052684307098389	correct
your sister who has n't noticed the doctors will hate themselves .	7.329648017883301	your sister who has n't noticed the doctors will hate herself .	7.356405735015869	incorrect
your grandmother that could remember Aaron has n't seen himself .	7.815834045410156	your grandmother that could remember Aaron has n't seen herself .	7.9023284912109375	incorrect
that man who would love my mom should sound like herself .	6.134078502655029	that man who would love my mom should sound like himself .	6.09710693359375	correct
your teachers who can n't notice this woman should think about herself .	7.008379936218262	your teachers who can n't notice this woman should think about themselves .	7.085620880126953	incorrect
this girl who had heard those doctors is talking about themselves .	6.378016471862793	this girl who had heard those doctors is talking about herself .	6.179900646209717	correct
my brother who looks like the girl saw herself .	5.972170352935791	my brother who looks like the girl saw himself .	5.99246072769165	incorrect
my husband who had remembered Barbara knows herself .	8.237594604492188	my husband who had remembered Barbara knows himself .	8.205427169799805	correct
that lady that thinks about these teachers knew themselves .	8.2537260055542	that lady that thinks about these teachers knew herself .	8.505002975463867	incorrect
my mother that talked about my teachers saw themselves .	7.793670654296875	my mother that talked about my teachers saw herself .	8.113308906555176	incorrect
my mother who sounds like my father can look like himself .	5.293998718261719	my mother who sounds like my father can look like herself .	5.438390254974365	incorrect
my father that wo n't talk about your friends likes themselves .	7.5762224197387695	my father that wo n't talk about your friends likes himself .	7.628284454345703	incorrect
my wife that should look like my dad is n't thinking about himself .	5.716315269470215	my wife that should look like my dad is n't thinking about herself .	5.713347434997559	correct
your husband that is thinking about those teachers talked about themselves .	7.280193328857422	your husband that is thinking about those teachers talked about himself .	7.3365278244018555	incorrect
your daughter that should n't remember this guy loves himself .	8.037271499633789	your daughter that should n't remember this guy loves herself .	8.133949279785156	incorrect
this queen who noticed your friends can n't forget themselves .	8.091608047485352	this queen who noticed your friends can n't forget herself .	8.276159286499023	incorrect
the teachers that had n't heard my sister have n't talked about herself .	6.048096179962158	the teachers that had n't heard my sister have n't talked about themselves .	6.002660274505615	correct
the children who hear Gregory sound like himself .	7.445784568786621	the children who hear Gregory sound like themselves .	7.298931121826172	correct
my cousins who should n't talk about my father remembered himself .	7.331382751464844	my cousins who should n't talk about my father remembered themselves .	7.408633232116699	incorrect
the girl who was talking about that king had n't talked about himself .	6.022091865539551	the girl who was talking about that king had n't talked about herself .	6.059028148651123	incorrect
the teachers who must hate Noah must forget himself .	8.45945930480957	the teachers who must hate Noah must forget themselves .	8.357587814331055	correct
the queen that could know your teachers had n't seen themselves .	7.2976179122924805	the queen that could know your teachers had n't seen herself .	7.3942389488220215	incorrect
the lady who saw your father can look like himself .	6.1975226402282715	the lady who saw your father can look like herself .	6.387436866760254	incorrect
my cousins who hear that boy saw himself .	7.943210124969482	my cousins who hear that boy saw themselves .	7.860541343688965	correct
your friends who are n't talking about your dad are n't talking about himself .	5.20491361618042	your friends who are n't talking about your dad are n't talking about themselves .	5.114136695861816	correct
your cousins that like your mother have seen herself .	7.429778575897217	your cousins that like your mother have seen themselves .	7.164942264556885	correct
the guy that was n't thinking about my doctors thought about themselves .	6.7605814933776855	the guy that was n't thinking about my doctors thought about himself .	6.7368550300598145	correct
the queen who loves those children would n't know themselves .	7.238387584686279	the queen who loves those children would n't know herself .	7.42888879776001	incorrect
your brother that wo n't love Tracy sounded like herself .	7.659042835235596	your brother that wo n't love Tracy sounded like himself .	7.64585018157959	correct
this queen that hears my doctors has remembered themselves .	8.7259521484375	this queen that hears my doctors has remembered herself .	8.814234733581543	incorrect
your grandmother that was thinking about these children is talking about themselves .	6.177717208862305	your grandmother that was thinking about these children is talking about herself .	6.164290428161621	correct
my husband who was n't talking about these children remembered themselves .	6.973645210266113	my husband who was n't talking about these children remembered himself .	7.04622220993042	incorrect
my mother that sees these people was thinking about themselves .	6.3850507736206055	my mother that sees these people was thinking about herself .	6.511392116546631	incorrect
your grandmother who talks about this boy could notice himself .	7.5855278968811035	your grandmother who talks about this boy could notice herself .	7.648780822753906	incorrect
your brother that must like these people would n't sound like themselves .	7.16178560256958	your brother that must like these people would n't sound like himself .	7.321286201477051	incorrect
this boy who was n't thinking about Linda has n't heard herself .	6.530584335327148	this boy who was n't thinking about Linda has n't heard himself .	6.469850063323975	correct
that boy that must look like Stephanie liked herself .	7.856221675872803	that boy that must look like Stephanie liked himself .	7.830450534820557	correct
my teachers that did n't see James did n't know himself .	6.9194207191467285	my teachers that did n't see James did n't know themselves .	7.005939483642578	incorrect
my cousins who were talking about this queen were n't talking about herself .	6.255866527557373	my cousins who were talking about this queen were n't talking about themselves .	6.176164627075195	correct
this king who was thinking about this girl likes herself .	6.721183776855469	this king who was thinking about this girl likes himself .	6.673058986663818	correct
my doctors who had heard that queen forget herself .	7.900411128997803	my doctors who had heard that queen forget themselves .	7.820030212402344	correct
your doctors that may think about Emily should n't talk about herself .	7.491504669189453	your doctors that may think about Emily should n't talk about themselves .	7.58393669128418	incorrect
my brother that does n't think about your doctors remembered themselves .	7.706258773803711	my brother that does n't think about your doctors remembered himself .	7.854613780975342	incorrect
this guy who had seen Tracy sounded like herself .	6.287700176239014	this guy who had seen Tracy sounded like himself .	6.093791961669922	correct
my brother that loved your mother does n't think about herself .	6.866939544677734	my brother that loved your mother does n't think about himself .	6.962764739990234	incorrect
my brother that noticed your daughter wo n't forget herself .	7.7814860343933105	my brother that noticed your daughter wo n't forget himself .	7.865107536315918	incorrect
your teachers who must forget that boy sound like himself .	7.597826957702637	your teachers who must forget that boy sound like themselves .	7.597256183624268	correct
the boy that had n't seen my friends will see themselves .	6.4636759757995605	the boy that had n't seen my friends will see himself .	6.650929927825928	incorrect
the lady that talks about that king sounded like himself .	6.484292030334473	the lady that talks about that king sounded like herself .	6.502432346343994	incorrect
my son who had remembered those doctors likes themselves .	7.969292640686035	my son who had remembered those doctors likes himself .	7.904207229614258	correct
your dad who forgot these people wo n't hear themselves .	6.92087459564209	your dad who forgot these people wo n't hear himself .	7.048466205596924	incorrect
your father who does n't forget these doctors should n't sound like themselves .	7.378597259521484	your father who does n't forget these doctors should n't sound like himself .	7.3956451416015625	incorrect
your friends who were thinking about this girl do n't notice herself .	6.7811198234558105	your friends who were thinking about this girl do n't notice themselves .	6.672349452972412	correct
that girl that is n't talking about Paul has seen himself .	6.572636604309082	that girl that is n't talking about Paul has seen herself .	6.573440074920654	incorrect
these people who might forget my mom had seen herself .	6.558349609375	these people who might forget my mom had seen themselves .	6.3790998458862305	correct
those people that have heard the lady are n't thinking about herself .	6.119448184967041	those people that have heard the lady are n't thinking about themselves .	6.035208702087402	correct
my son that noticed your doctors had heard themselves .	8.036897659301758	my son that noticed your doctors had heard himself .	8.08672046661377	incorrect
that woman that could hear my cousins has remembered themselves .	7.808536052703857	that woman that could hear my cousins has remembered herself .	8.020537376403809	incorrect
my teachers who were thinking about this lady must like herself .	6.643964767456055	my teachers who were thinking about this lady must like themselves .	6.626267910003662	correct
your sister who should talk about Kevin sounded like himself .	6.608318328857422	your sister who should talk about Kevin sounded like herself .	6.712398529052734	incorrect
this king who has heard your friends looked like themselves .	6.881654262542725	this king who has heard your friends looked like himself .	7.03265380859375	incorrect
your grandmother who talks about my teachers can notice themselves .	8.032384872436523	your grandmother who talks about my teachers can notice herself .	8.283243179321289	incorrect
my wife that had thought about Daniel had noticed himself .	6.911254405975342	my wife that had thought about Daniel had noticed herself .	7.027784824371338	incorrect
my mom that would n't remember those children had thought about themselves .	6.8414788246154785	my mom that would n't remember those children had thought about herself .	7.081889629364014	incorrect
the man that wo n't hear the children will love themselves .	6.806002140045166	the man that wo n't hear the children will love himself .	6.768413066864014	correct
your mom who thought about that boy heard himself .	7.946524143218994	your mom who thought about that boy heard herself .	8.063451766967773	incorrect
your mother that would n't know my father is talking about himself .	6.259603977203369	your mother that would n't know my father is talking about herself .	6.369269371032715	incorrect
the queen that is talking about Steven remembered himself .	7.605753421783447	the queen that is talking about Steven remembered herself .	7.785534381866455	incorrect
those children that were n't thinking about the woman talked about herself .	6.43174409866333	those children that were n't thinking about the woman talked about themselves .	6.370045185089111	correct
my dad that can like Linda has n't thought about herself .	7.029606819152832	my dad that can like Linda has n't thought about himself .	7.121166706085205	incorrect
this guy that might hear your cousins has n't heard themselves .	7.902235984802246	this guy that might hear your cousins has n't heard himself .	7.943868160247803	incorrect
my mom that can n't see Todd had seen himself .	7.914649486541748	my mom that can n't see Todd had seen herself .	8.052825927734375	incorrect
that king who was thinking about that girl sees herself .	6.522655010223389	that king who was thinking about that girl sees himself .	6.455029487609863	correct
your sister that had n't noticed your son looked like himself .	7.214035511016846	your sister that had n't noticed your son looked like herself .	7.505019187927246	incorrect
your brother that has talked about my cousins looks like themselves .	6.983529567718506	your brother that has talked about my cousins looks like himself .	7.104239463806152	incorrect
this guy that noticed my wife did n't love herself .	7.227293968200684	this guy that noticed my wife did n't love himself .	7.251058578491211	incorrect
the boy that has n't heard the lady loves herself .	6.993771076202393	the boy that has n't heard the lady loves himself .	7.116296291351318	incorrect
your son that will sound like Renee has n't noticed herself .	7.3510613441467285	your son that will sound like Renee has n't noticed himself .	7.317028999328613	correct
your father that should n't think about your teachers heard themselves .	8.106491088867188	your father that should n't think about your teachers heard himself .	8.247965812683105	incorrect
the man who likes Julie had seen herself .	7.3039069175720215	the man who likes Julie had seen himself .	7.3249921798706055	incorrect
my cousins who remember Richard saw himself .	8.279458999633789	my cousins who remember Richard saw themselves .	8.324972152709961	incorrect
your wife who loves your dad sounds like himself .	6.472423553466797	your wife who loves your dad sounds like herself .	6.47287130355835	incorrect
your mom that had seen that guy sees himself .	7.183868408203125	your mom that had seen that guy sees herself .	7.326812744140625	incorrect
my teachers who thought about Deborah had remembered herself .	7.808908462524414	my teachers who thought about Deborah had remembered themselves .	7.690057754516602	correct
those doctors that forget William notice himself .	10.060684204101562	those doctors that forget William notice themselves .	9.903562545776367	correct
my brother that should n't think about Sarah thinks about herself .	6.942979335784912	my brother that should n't think about Sarah thinks about himself .	7.016368865966797	incorrect
this lady that has n't noticed John should notice himself .	8.046557426452637	this lady that has n't noticed John should notice herself .	8.222539901733398	incorrect
your wife that would n't forget that man could n't remember himself .	6.683553218841553	your wife that would n't forget that man could n't remember herself .	6.8189496994018555	incorrect
your mom that had n't heard my brother sees himself .	7.709129333496094	your mom that had n't heard my brother sees herself .	7.9371795654296875	incorrect
those people that had heard my brother had thought about himself .	5.602578639984131	those people that had heard my brother had thought about themselves .	5.664140224456787	incorrect
this lady who noticed the doctors could forget themselves .	7.504005432128906	this lady who noticed the doctors could forget herself .	7.63181734085083	incorrect
my son that did n't look like that woman was n't talking about herself .	6.055468559265137	my son that did n't look like that woman was n't talking about himself .	6.103072166442871	incorrect
that lady that was n't talking about those people sees themselves .	7.137822151184082	that lady that was n't talking about those people sees herself .	7.217223644256592	incorrect
the people that thought about your mother have thought about herself .	5.575526237487793	the people that thought about your mother have thought about themselves .	5.513458728790283	correct
this guy that hears Amelia would n't think about herself .	7.828988552093506	this guy that hears Amelia would n't think about himself .	7.716306686401367	correct
your doctors that do n't forget Becca noticed herself .	9.543678283691406	your doctors that do n't forget Becca noticed themselves .	9.47531509399414	correct
my dad that does n't talk about this queen was n't thinking about herself .	6.110889911651611	my dad that does n't talk about this queen was n't thinking about himself .	6.223982334136963	incorrect
your friends who should n't sound like Michael thought about himself .	7.178032875061035	your friends who should n't sound like Michael thought about themselves .	7.331428050994873	incorrect
your father that did n't notice Leslie saw herself .	8.566560745239258	your father that did n't notice Leslie saw himself .	8.497918128967285	correct
your brother who wo n't forget these children will notice themselves .	7.506501197814941	your brother who wo n't forget these children will notice himself .	7.632124423980713	incorrect
your dad that talked about your friends has n't seen themselves .	7.154953479766846	your dad that talked about your friends has n't seen himself .	7.270547389984131	incorrect
the man who talks about these people has n't remembered themselves .	6.485628128051758	the man who talks about these people has n't remembered himself .	6.444958686828613	correct
my sister who looked like these people likes themselves .	6.647846698760986	my sister who looked like these people likes herself .	6.760068416595459	incorrect
those teachers who see this guy sounded like himself .	6.818871974945068	those teachers who see this guy sounded like themselves .	6.865821361541748	incorrect
my sister that loved my doctors talks about themselves .	8.08923053741455	my sister that loved my doctors talks about herself .	8.115152359008789	incorrect
your cousins who had remembered your wife could hate herself .	7.54015588760376	your cousins who had remembered your wife could hate themselves .	7.494984149932861	correct
your doctors that love Dan loved himself .	9.556619644165039	your doctors that love Dan loved themselves .	9.756296157836914	incorrect
my father who remembered this lady has n't noticed herself .	7.494874477386475	my father who remembered this lady has n't noticed himself .	7.512401580810547	incorrect
your cousins that looked like this boy were thinking about himself .	6.563844203948975	your cousins that looked like this boy were thinking about themselves .	6.546760559082031	correct
that man who had heard your teachers sounds like themselves .	6.512126445770264	that man who had heard your teachers sounds like himself .	6.473507881164551	correct
that boy who could forget the woman should n't talk about herself .	6.158283233642578	that boy who could forget the woman should n't talk about himself .	6.218525409698486	incorrect
your daughter that talked about Eric did n't talk about himself .	7.2936692237854	your daughter that talked about Eric did n't talk about herself .	7.301828384399414	incorrect
your wife who should n't see Christopher may hear himself .	8.173941612243652	your wife who should n't see Christopher may hear herself .	8.310127258300781	incorrect
your grandmother that would talk about Timothy knew himself .	7.90247106552124	your grandmother that would talk about Timothy knew herself .	8.006453514099121	incorrect
my mom that has talked about these teachers has thought about themselves .	6.598376750946045	my mom that has talked about these teachers has thought about herself .	6.741661071777344	incorrect
my mom that noticed Eric heard himself .	9.519418716430664	my mom that noticed Eric heard herself .	9.72690486907959	incorrect
my teachers who should notice Julia would n't talk about herself .	7.615361213684082	my teachers who should notice Julia would n't talk about themselves .	7.604966163635254	correct
that girl that is n't thinking about my brother had n't talked about himself .	5.6053466796875	that girl that is n't thinking about my brother had n't talked about herself .	5.699960708618164	incorrect
that queen that may notice my friends did n't hear themselves .	7.980507850646973	that queen that may notice my friends did n't hear herself .	8.127894401550293	incorrect
your brother that can like these people must know themselves .	7.308413505554199	your brother that can like these people must know himself .	7.433294296264648	incorrect
these children who had thought about this queen like herself .	6.1575446128845215	these children who had thought about this queen like themselves .	6.1140055656433105	correct
these people that are thinking about your mom must love herself .	6.282459259033203	these people that are thinking about your mom must love themselves .	6.215229034423828	correct
my daughter that is talking about your father can love himself .	6.274282455444336	my daughter that is talking about your father can love herself .	6.303470611572266	incorrect
that man who looked like this lady hears herself .	6.9020771980285645	that man who looked like this lady hears himself .	6.796268939971924	correct
my doctors who hear this boy would love himself .	7.643014907836914	my doctors who hear this boy would love themselves .	7.779862403869629	incorrect
the teachers who had thought about this boy remembered himself .	6.780620098114014	the teachers who had thought about this boy remembered themselves .	6.703802585601807	correct
this man who can n't see those teachers saw themselves .	7.552196502685547	this man who can n't see those teachers saw himself .	7.564132213592529	incorrect
that lady who is n't talking about your cousins can n't look like themselves .	6.3403825759887695	that lady who is n't talking about your cousins can n't look like herself .	6.471446990966797	incorrect
the children that remembered my wife were n't talking about herself .	6.655227184295654	the children that remembered my wife were n't talking about themselves .	6.487386703491211	correct
this guy that is thinking about those children talks about themselves .	6.308918476104736	this guy that is thinking about those children talks about himself .	6.145820140838623	correct
your cousins that love Tracy had n't seen herself .	8.137602806091309	your cousins that love Tracy had n't seen themselves .	8.19913101196289	incorrect
that man that had noticed your sister has n't remembered herself .	7.4495978355407715	that man that had noticed your sister has n't remembered himself .	7.494582176208496	incorrect
these people that would look like Brian saw himself .	6.670995235443115	these people that would look like Brian saw themselves .	6.503222942352295	correct
that lady who sees the teachers could n't forget themselves .	7.691159725189209	that lady who sees the teachers could n't forget herself .	7.867151737213135	incorrect
these teachers that were thinking about Robert saw himself .	6.887874603271484	these teachers that were thinking about Robert saw themselves .	6.747060298919678	correct
the queen who had noticed Guy talked about himself .	7.11619758605957	the queen who had noticed Guy talked about herself .	7.186484336853027	incorrect
this man that can n't think about those children heard themselves .	7.566686153411865	this man that can n't think about those children heard himself .	7.475499153137207	correct
the guy who can n't sound like my doctors can n't remember themselves .	6.3571553230285645	the guy who can n't sound like my doctors can n't remember himself .	6.350723743438721	correct
the children who have n't seen your grandmother could love herself .	6.5936784744262695	the children who have n't seen your grandmother could love themselves .	6.4925055503845215	correct
that man who talks about those teachers had heard themselves .	7.014101505279541	that man who talks about those teachers had heard himself .	7.050894260406494	incorrect
this queen who has heard this king had n't thought about himself .	6.284368515014648	this queen who has heard this king had n't thought about herself .	6.323796272277832	incorrect
my grandmother that has talked about Steven might like himself .	7.418687343597412	my grandmother that has talked about Steven might like herself .	7.541749477386475	incorrect
your doctors who remembered my mom will remember herself .	8.410054206848145	your doctors who remembered my mom will remember themselves .	8.303308486938477	correct
your father who should n't look like those doctors had heard themselves .	7.320778846740723	your father who should n't look like those doctors had heard himself .	7.4107346534729	incorrect
my brother that heard my doctors can remember themselves .	7.969662189483643	my brother that heard my doctors can remember himself .	8.014731407165527	incorrect
my wife who thought about your doctors did n't look like themselves .	6.970508575439453	my wife who thought about your doctors did n't look like herself .	7.173798561096191	incorrect
your cousins who had noticed the guy had heard himself .	6.945957660675049	your cousins who had noticed the guy had heard themselves .	7.016010761260986	incorrect
the queen who may notice those doctors may talk about themselves .	6.71942138671875	the queen who may notice those doctors may talk about herself .	6.762753009796143	incorrect
that guy who looks like Jennifer can see herself .	6.003759860992432	that guy who looks like Jennifer can see himself .	5.8543009757995605	correct
this queen who looks like Brett should love himself .	6.867471694946289	this queen who looks like Brett should love herself .	6.862936973571777	correct
my teachers that might hate this guy look like himself .	6.902856349945068	my teachers that might hate this guy look like themselves .	7.0546417236328125	incorrect
your grandmother that has thought about those teachers sounds like themselves .	7.370954513549805	your grandmother that has thought about those teachers sounds like herself .	7.508356094360352	incorrect
these people that have seen Melissa loved herself .	7.691718101501465	these people that have seen Melissa loved themselves .	7.481590270996094	correct
your friends that have n't noticed your grandmother forgot herself .	7.2405595779418945	your friends that have n't noticed your grandmother forgot themselves .	7.220499038696289	correct
the doctors that sound like your mother should talk about herself .	6.345629692077637	the doctors that sound like your mother should talk about themselves .	6.324164867401123	correct
your husband who sounded like that queen heard herself .	7.358084678649902	your husband who sounded like that queen heard himself .	7.291337013244629	correct
that queen that thinks about your dad loves himself .	6.374237060546875	that queen that thinks about your dad loves herself .	6.195700168609619	correct
this lady who could notice my husband likes himself .	7.949427127838135	this lady who could notice my husband likes herself .	8.118173599243164	incorrect
this king who will know that queen heard herself .	7.452760696411133	this king who will know that queen heard himself .	7.263124465942383	correct
the queen who might know the children will love themselves .	6.090868949890137	the queen who might know the children will love herself .	6.069204330444336	correct
your son that has remembered my sister looked like herself .	7.4856085777282715	your son that has remembered my sister looked like himself .	7.560209274291992	incorrect
my doctors who are n't talking about Gregory could think about himself .	6.727659225463867	my doctors who are n't talking about Gregory could think about themselves .	6.758842945098877	incorrect
your cousins that could n't see the queen are thinking about herself .	7.205578804016113	your cousins that could n't see the queen are thinking about themselves .	7.226063251495361	incorrect
the guy who has n't noticed those people has noticed themselves .	6.639919281005859	the guy who has n't noticed those people has noticed himself .	6.790266990661621	incorrect
my cousins that noticed the man forgot himself .	6.878655433654785	my cousins that noticed the man forgot themselves .	7.072336196899414	incorrect
the boy that saw Alice saw herself .	7.556667327880859	the boy that saw Alice saw himself .	7.534752368927002	correct
your friends that knew your mother notice herself .	8.875021934509277	your friends that knew your mother notice themselves .	8.823019027709961	correct
these children that think about the lady would forget herself .	6.802206039428711	these children that think about the lady would forget themselves .	6.5976104736328125	correct
the boy who can n't know Nicole was thinking about herself .	6.680941581726074	the boy who can n't know Nicole was thinking about himself .	6.693716049194336	incorrect
my wife that likes this man did n't notice himself .	7.598597526550293	my wife that likes this man did n't notice herself .	7.733839988708496	incorrect
the doctors who look like Ronald had talked about himself .	6.979196071624756	the doctors who look like Ronald had talked about themselves .	6.885841369628906	correct
this lady who knew this guy had n't remembered himself .	7.077491283416748	this lady who knew this guy had n't remembered herself .	7.225816249847412	incorrect
your doctors who were n't thinking about that lady should see herself .	7.263384819030762	your doctors who were n't thinking about that lady should see themselves .	7.202773094177246	correct
your son who should n't know your grandmother can n't sound like herself .	6.960046291351318	your son who should n't know your grandmother can n't sound like himself .	6.943284511566162	correct
that lady who was n't thinking about my dad may think about himself .	5.7240986824035645	that lady who was n't thinking about my dad may think about herself .	5.674788475036621	correct
my friends who wo n't forget this girl talked about herself .	6.994065761566162	my friends who wo n't forget this girl talked about themselves .	6.946324348449707	correct
this lady that has n't remembered those people talked about themselves .	7.2724738121032715	this lady that has n't remembered those people talked about herself .	7.352069854736328	incorrect
my cousins that talk about Ann love herself .	8.238565444946289	my cousins that talk about Ann love themselves .	8.466788291931152	incorrect
your wife that was n't talking about the king was thinking about himself .	6.4491119384765625	your wife that was n't talking about the king was thinking about herself .	6.512088775634766	incorrect
these people who might look like this guy hear himself .	6.685707092285156	these people who might look like this guy hear themselves .	6.646302700042725	correct
your son who looks like the doctors heard themselves .	7.0795578956604	your son who looks like the doctors heard himself .	7.199343204498291	incorrect
your doctors who thought about the queen looked like herself .	7.143616676330566	your doctors who thought about the queen looked like themselves .	7.036332607269287	correct
your father who does n't remember these doctors is n't thinking about themselves .	7.0627288818359375	your father who does n't remember these doctors is n't thinking about himself .	7.035604476928711	correct
my son that could n't hear the people hears themselves .	7.30712890625	my son that could n't hear the people hears himself .	7.297835350036621	correct
this woman that hears your teachers had n't seen themselves .	7.77938175201416	this woman that hears your teachers had n't seen herself .	7.797347545623779	incorrect
your husband that can n't notice your daughter forgot herself .	7.527359485626221	your husband that can n't notice your daughter forgot himself .	7.516554832458496	correct
your cousins that have n't remembered your husband do n't notice himself .	7.483102798461914	your cousins that have n't remembered your husband do n't notice themselves .	7.460695743560791	correct
my mom who knew these children loves themselves .	7.353105545043945	my mom who knew these children loves herself .	7.463619232177734	incorrect
your son that can n't know those doctors does n't forget themselves .	7.678232192993164	your son that can n't know those doctors does n't forget himself .	7.797138690948486	incorrect
the girl that sounded like these doctors heard themselves .	6.668724060058594	the girl that sounded like these doctors heard herself .	6.792962551116943	incorrect
those doctors who can n't know that girl were n't thinking about herself .	6.925663948059082	those doctors who can n't know that girl were n't thinking about themselves .	6.9166364669799805	correct
that guy who loves Ann has talked about herself .	6.838644981384277	that guy who loves Ann has talked about himself .	6.766129493713379	correct
my cousins that know your wife forget herself .	8.038822174072266	my cousins that know your wife forget themselves .	7.887114524841309	correct
this lady who saw my father noticed himself .	7.287657260894775	this lady who saw my father noticed herself .	7.448952674865723	incorrect
those children that will hate my sister hear herself .	8.229208946228027	those children that will hate my sister hear themselves .	8.05542278289795	correct
these children who like Michelle hate herself .	8.247474670410156	these children who like Michelle hate themselves .	7.980752944946289	correct
the girl that sounded like my doctors will remember themselves .	6.2219414710998535	the girl that sounded like my doctors will remember herself .	6.4150309562683105	incorrect
that king who did n't like my mother must talk about herself .	6.395391941070557	that king who did n't like my mother must talk about himself .	6.458034992218018	incorrect
this woman that knew the guy noticed himself .	7.4020586013793945	this woman that knew the guy noticed herself .	7.502118110656738	incorrect
my friends who would sound like the man think about himself .	5.941648006439209	my friends who would sound like the man think about themselves .	6.041941165924072	incorrect
that queen that was n't thinking about Brett forgot himself .	7.307067394256592	that queen that was n't thinking about Brett forgot herself .	7.397886276245117	incorrect
your friends who remembered that boy forget himself .	8.323636054992676	your friends who remembered that boy forget themselves .	8.206167221069336	correct
my doctors who have n't talked about Amelia have noticed herself .	7.5014753341674805	my doctors who have n't talked about Amelia have noticed themselves .	7.2382612228393555	correct
that girl who was n't talking about the people knows themselves .	6.5047607421875	that girl who was n't talking about the people knows herself .	6.566362380981445	incorrect
this man that talked about this woman noticed herself .	7.1071672439575195	this man that talked about this woman noticed himself .	7.037600040435791	correct
those doctors who were n't talking about Scott were n't thinking about himself .	6.296112060546875	those doctors who were n't talking about Scott were n't thinking about themselves .	6.325465202331543	incorrect
your friends who must love your son talk about himself .	6.659303188323975	your friends who must love your son talk about themselves .	6.72423791885376	incorrect
my dad that might hear this woman looked like herself .	6.342901229858398	my dad that might hear this woman looked like himself .	6.473361015319824	incorrect
the teachers that should n't talk about Kevin love himself .	8.317818641662598	the teachers that should n't talk about Kevin love themselves .	8.508773803710938	incorrect
the king that saw Anne may forget herself .	8.236289978027344	the king that saw Anne may forget himself .	8.239885330200195	incorrect
my cousins that notice your dad would n't know himself .	7.352654933929443	my cousins that notice your dad would n't know themselves .	7.2168731689453125	correct
this man who heard the doctors might like themselves .	6.837337970733643	this man who heard the doctors might like himself .	6.6662092208862305	correct
the queen that must look like Peter thinks about himself .	6.5360260009765625	the queen that must look like Peter thinks about herself .	6.631825923919678	incorrect
my husband who sees these doctors should talk about themselves .	6.722590923309326	my husband who sees these doctors should talk about himself .	6.735110759735107	incorrect
my cousins who looked like this man are n't talking about himself .	6.1234331130981445	my cousins who looked like this man are n't talking about themselves .	6.0996270179748535	correct
this man that thinks about your mother talked about herself .	6.472553253173828	this man that thinks about your mother talked about himself .	6.506965160369873	incorrect
the man that should n't notice those teachers saw themselves .	8.110796928405762	the man that should n't notice those teachers saw himself .	8.15874195098877	incorrect
that woman that does n't love my brother liked himself .	8.07234001159668	that woman that does n't love my brother liked herself .	8.198205947875977	incorrect
my friends who like Aaron hate himself .	8.277026176452637	my friends who like Aaron hate themselves .	8.212732315063477	correct
the lady who liked those people did n't see themselves .	7.095548629760742	the lady who liked those people did n't see herself .	7.2879743576049805	incorrect
the teachers that should see this girl had n't remembered herself .	7.583280086517334	the teachers that should see this girl had n't remembered themselves .	7.564492225646973	correct
my dad that hears my teachers forgot themselves .	7.05565881729126	my dad that hears my teachers forgot himself .	7.049633979797363	correct
my grandmother that can n't remember that man has remembered himself .	6.9091315269470215	my grandmother that can n't remember that man has remembered herself .	7.1184210777282715	incorrect
this king that would hate Samantha likes herself .	9.251235961914062	this king that would hate Samantha likes himself .	9.276739120483398	incorrect
your friends that would n't love that queen would n't love herself .	6.628089427947998	your friends that would n't love that queen would n't love themselves .	6.887284755706787	incorrect
my sister who saw the children may forget themselves .	6.607078552246094	my sister who saw the children may forget herself .	6.891372203826904	incorrect
that queen who noticed your friends remembered themselves .	8.425748825073242	that queen who noticed your friends remembered herself .	8.652514457702637	incorrect
my doctors who had n't heard Todd remember himself .	8.304041862487793	my doctors who had n't heard Todd remember themselves .	8.378334045410156	incorrect
my daughter who wo n't notice your friends talked about themselves .	7.563477993011475	my daughter who wo n't notice your friends talked about herself .	7.645802021026611	incorrect
my brother that loves Julia is talking about herself .	6.708737373352051	my brother that loves Julia is talking about himself .	6.725733280181885	incorrect
this queen that should n't remember this boy sounds like himself .	7.535194396972656	this queen that should n't remember this boy sounds like herself .	7.619819641113281	incorrect
my friends who looked like your brother have talked about himself .	5.989105224609375	my friends who looked like your brother have talked about themselves .	5.879897594451904	correct
these teachers who knew my mother think about herself .	6.527347087860107	these teachers who knew my mother think about themselves .	6.432249546051025	correct
the children who noticed Kevin were n't talking about himself .	7.101847171783447	the children who noticed Kevin were n't talking about themselves .	7.017943382263184	correct
these children who had heard my mother did n't forget herself .	6.825506210327148	these children who had heard my mother did n't forget themselves .	6.732517719268799	correct
those people that heard Aaron have remembered himself .	7.3194427490234375	those people that heard Aaron have remembered themselves .	7.18179988861084	correct
my cousins who remember this man noticed himself .	8.214896202087402	my cousins who remember this man noticed themselves .	8.242254257202148	incorrect
these children that remembered Richard hate himself .	8.204449653625488	these children that remembered Richard hate themselves .	7.991776466369629	correct
your daughter who would think about my husband has remembered himself .	6.853084564208984	your daughter who would think about my husband has remembered herself .	6.983384132385254	incorrect
your son who must sound like the lady may like herself .	6.676516532897949	your son who must sound like the lady may like himself .	6.647091865539551	correct
that king that has noticed my friends sounded like themselves .	6.905498504638672	that king that has noticed my friends sounded like himself .	7.029022216796875	incorrect
the king that sounds like those children knew themselves .	7.470803260803223	the king that sounds like those children knew himself .	7.583824157714844	incorrect
my friends who looked like my sister notice herself .	7.800586223602295	my friends who looked like my sister notice themselves .	7.5720038414001465	correct
the king that has n't seen my wife has n't talked about herself .	5.690391540527344	the king that has n't seen my wife has n't talked about himself .	5.799544811248779	incorrect
this man who has n't heard those children has thought about themselves .	6.432966232299805	this man who has n't heard those children has thought about himself .	6.389926433563232	correct
your grandmother who was talking about Steven would know himself .	7.143529415130615	your grandmother who was talking about Steven would know herself .	7.26075553894043	incorrect
your cousins who do n't sound like the woman thought about herself .	6.8468708992004395	your cousins who do n't sound like the woman thought about themselves .	6.9781670570373535	incorrect
that boy who should hear Jessica had noticed herself .	7.816911697387695	that boy who should hear Jessica had noticed himself .	7.8258843421936035	incorrect
your brother who thought about those people may like themselves .	6.747771263122559	your brother who thought about those people may like himself .	6.846972465515137	incorrect
your brother that should talk about my mom sounded like herself .	6.546306610107422	your brother that should talk about my mom sounded like himself .	6.552151203155518	incorrect
those doctors that might remember this queen have n't heard herself .	8.18712329864502	those doctors that might remember this queen have n't heard themselves .	8.042677879333496	correct
my doctors who remember my daughter love herself .	7.639162063598633	my doctors who remember my daughter love themselves .	7.742892742156982	incorrect
this woman that has noticed this guy loved himself .	6.671364784240723	this woman that has noticed this guy loved herself .	6.726402282714844	incorrect
those doctors that can n't notice James did n't know himself .	7.764650821685791	those doctors that can n't notice James did n't know themselves .	7.889303207397461	incorrect
your brother that heard my mother was talking about herself .	6.286888122558594	your brother that heard my mother was talking about himself .	6.355559825897217	incorrect
that woman that likes Scott should talk about himself .	6.689470291137695	that woman that likes Scott should talk about herself .	6.5519232749938965	correct
that girl who had noticed your brother hears himself .	7.1166253089904785	that girl who had noticed your brother hears herself .	7.210934162139893	incorrect
your doctors who liked your mom had n't thought about herself .	7.895936489105225	your doctors who liked your mom had n't thought about themselves .	7.88288688659668	correct
your son who looks like Jennifer knew herself .	7.493466854095459	your son who looks like Jennifer knew himself .	7.446372032165527	correct
this man that liked the people must hear themselves .	7.086957931518555	this man that liked the people must hear himself .	6.897025108337402	correct
your father that was talking about Melissa liked herself .	8.079192161560059	your father that was talking about Melissa liked himself .	8.076576232910156	correct
my son who knew those children sees themselves .	7.499871730804443	my son who knew those children sees himself .	7.541491985321045	incorrect
that lady that thought about these teachers thinks about themselves .	7.017129421234131	that lady that thought about these teachers thinks about herself .	7.16534948348999	incorrect
these children that talked about Dan might see himself .	7.312039375305176	these children that talked about Dan might see themselves .	7.09386682510376	correct
those teachers who could hear that lady are thinking about herself .	7.086753845214844	those teachers who could hear that lady are thinking about themselves .	6.915280342102051	correct
that man who sounds like these people had heard themselves .	5.774666786193848	that man who sounds like these people had heard himself .	5.802226543426514	incorrect
your husband that knew those teachers could think about themselves .	7.374889373779297	your husband that knew those teachers could think about himself .	7.524413108825684	incorrect
this woman that loved Brian may love himself .	7.132869720458984	this woman that loved Brian may love herself .	7.1435546875	incorrect
that girl that had n't remembered those teachers is thinking about themselves .	7.257770538330078	that girl that had n't remembered those teachers is thinking about herself .	7.296834945678711	incorrect
the children who look like that king must love himself .	6.497549533843994	the children who look like that king must love themselves .	6.415561199188232	correct
your husband who did n't see my cousins should n't hate themselves .	7.493762493133545	your husband who did n't see my cousins should n't hate himself .	7.565428256988525	incorrect
your grandmother who sounded like your teachers would forget themselves .	6.856210231781006	your grandmother who sounded like your teachers would forget herself .	7.1512041091918945	incorrect
your friends who thought about this king are talking about himself .	6.273597240447998	your friends who thought about this king are talking about themselves .	6.309043884277344	incorrect
my husband who has n't seen my mom has n't seen herself .	5.482035160064697	my husband who has n't seen my mom has n't seen himself .	5.529730796813965	incorrect
my teachers that liked my mom hate herself .	8.681485176086426	my teachers that liked my mom hate themselves .	8.472350120544434	correct
these teachers who should see this guy forget himself .	7.218161106109619	these teachers who should see this guy forget themselves .	7.156341552734375	correct
my teachers that have n't remembered Paul sounded like himself .	7.400928497314453	my teachers that have n't remembered Paul sounded like themselves .	7.449567794799805	incorrect
your sister who talks about those children forgot themselves .	6.907958030700684	your sister who talks about those children forgot herself .	7.058272361755371	incorrect
your cousins who could remember my wife heard herself .	8.220375061035156	your cousins who could remember my wife heard themselves .	8.161717414855957	correct
my teachers that have noticed Paul have n't seen himself .	7.282891273498535	my teachers that have noticed Paul have n't seen themselves .	7.300092697143555	incorrect
the guy who had n't thought about this queen has n't thought about herself .	5.738980770111084	the guy who had n't thought about this queen has n't thought about himself .	5.756495475769043	incorrect
this lady that thinks about your friends has n't heard themselves .	7.5022125244140625	this lady that thinks about your friends has n't heard herself .	7.600874900817871	incorrect
my husband who was n't thinking about your doctors can hear themselves .	7.227080345153809	my husband who was n't thinking about your doctors can hear himself .	7.318666934967041	incorrect
your mom who will notice the children sounded like themselves .	6.355718612670898	your mom who will notice the children sounded like herself .	6.599966049194336	incorrect
my cousins who notice the boy hear himself .	8.12215805053711	my cousins who notice the boy hear themselves .	8.038145065307617	correct
my teachers that wo n't see this queen had noticed herself .	7.997096061706543	my teachers that wo n't see this queen had noticed themselves .	8.039902687072754	incorrect
this woman who must forget the man could n't sound like himself .	6.479628562927246	this woman who must forget the man could n't sound like herself .	6.546914577484131	incorrect
the queen that looks like my friends forgot themselves .	6.475053310394287	the queen that looks like my friends forgot herself .	6.688368320465088	incorrect
my grandmother who sounded like that man can n't forget himself .	6.376504898071289	my grandmother who sounded like that man can n't forget herself .	6.489019870758057	incorrect
that king who will see the girl has heard herself .	6.378734111785889	that king who will see the girl has heard himself .	6.2795844078063965	correct
my teachers that sounded like your sister talked about herself .	6.247152328491211	my teachers that sounded like your sister talked about themselves .	6.21942138671875	correct
the children who had heard Liam think about himself .	6.654013156890869	the children who had heard Liam think about themselves .	6.602579593658447	correct
my husband who heard this queen sounds like herself .	7.062384128570557	my husband who heard this queen sounds like himself .	7.089134693145752	incorrect
my mother that had seen these doctors could sound like themselves .	7.0335540771484375	my mother that had seen these doctors could sound like herself .	7.12312126159668	incorrect
your teachers that thought about the guy do n't notice himself .	7.689885139465332	your teachers that thought about the guy do n't notice themselves .	7.681312084197998	correct
this guy who looked like my cousins could like themselves .	6.353152751922607	this guy who looked like my cousins could like himself .	6.3723883628845215	incorrect
your doctors that have n't noticed Cindy were thinking about herself .	7.802861213684082	your doctors that have n't noticed Cindy were thinking about themselves .	7.909918308258057	incorrect
your son that sees your teachers hears themselves .	8.969883918762207	your son that sees your teachers hears himself .	9.14111328125	incorrect
this girl who will notice my teachers sounds like themselves .	7.300169467926025	this girl who will notice my teachers sounds like herself .	7.400050640106201	incorrect
my friends who liked the boy may notice himself .	7.513499736785889	my friends who liked the boy may notice themselves .	7.397726535797119	correct
your doctors that had n't seen your father forgot himself .	7.218118667602539	your doctors that had n't seen your father forgot themselves .	7.410134315490723	incorrect
my dad who has n't seen the woman has n't remembered herself .	5.753689289093018	my dad who has n't seen the woman has n't remembered himself .	5.774394512176514	incorrect
your husband that is n't thinking about Samantha had n't thought about herself .	6.548601150512695	your husband that is n't thinking about Samantha had n't thought about himself .	6.585125923156738	incorrect
those doctors who have n't talked about your dad can see himself .	6.548544883728027	those doctors who have n't talked about your dad can see themselves .	6.368371963500977	correct
this lady that has n't seen those people has talked about themselves .	6.502823352813721	this lady that has n't seen those people has talked about herself .	6.5462846755981445	incorrect
this woman that could n't hear that boy loved himself .	7.550799369812012	this woman that could n't hear that boy loved herself .	7.59792423248291	incorrect
that man who loved those doctors looked like themselves .	7.044351577758789	that man who loved those doctors looked like himself .	7.143457889556885	incorrect
my mom that had talked about those people knew themselves .	7.022029399871826	my mom that had talked about those people knew herself .	7.42477560043335	incorrect
my husband that talked about your cousins has remembered themselves .	7.860543727874756	my husband that talked about your cousins has remembered himself .	8.033429145812988	incorrect
your husband who saw my friends has seen themselves .	7.751042366027832	your husband who saw my friends has seen himself .	8.000042915344238	incorrect
your friends that had heard my son are talking about himself .	5.985424041748047	your friends that had heard my son are talking about themselves .	6.078691005706787	incorrect
your doctors that were thinking about the queen had remembered herself .	7.206584930419922	your doctors that were thinking about the queen had remembered themselves .	7.191747188568115	correct
the man that looked like that woman thinks about herself .	5.713276386260986	the man that looked like that woman thinks about himself .	5.695669174194336	correct
your teachers who had talked about Allison did n't forget herself .	8.269712448120117	your teachers who had talked about Allison did n't forget themselves .	8.182000160217285	correct
that girl who was talking about my son liked himself .	6.395717620849609	that girl who was talking about my son liked herself .	6.608687877655029	incorrect
the guy who forgot this lady would n't hear herself .	7.174957275390625	the guy who forgot this lady would n't hear himself .	7.084157943725586	correct
your teachers who do n't love the king forgot himself .	7.478693008422852	your teachers who do n't love the king forgot themselves .	7.5110673904418945	incorrect
that girl that did n't talk about your doctors would forget themselves .	7.0385026931762695	that girl that did n't talk about your doctors would forget herself .	7.264967918395996	incorrect
my grandmother that would hate my teachers can forget themselves .	7.550952434539795	my grandmother that would hate my teachers can forget herself .	7.955020427703857	incorrect
your doctors who have noticed my sister would n't know herself .	8.062602043151855	your doctors who have noticed my sister would n't know themselves .	8.004396438598633	correct
the teachers who thought about my father would look like himself .	6.257494926452637	the teachers who thought about my father would look like themselves .	6.118165493011475	correct
my cousins who are talking about that man forgot himself .	6.037759304046631	my cousins who are talking about that man forgot themselves .	6.100468158721924	incorrect
those teachers that looked like your daughter liked herself .	7.874671936035156	those teachers that looked like your daughter liked themselves .	7.723890781402588	correct
those teachers who know that lady had heard herself .	7.872859477996826	those teachers who know that lady had heard themselves .	7.744804382324219	correct
my doctors that remember my husband love himself .	8.043609619140625	my doctors that remember my husband love themselves .	8.300432205200195	incorrect
your teachers who do n't think about your brother loved himself .	7.611523628234863	your teachers who do n't think about your brother loved themselves .	7.570573329925537	correct
my doctors who love the girl noticed herself .	8.013374328613281	my doctors who love the girl noticed themselves .	7.908385276794434	correct
your wife that looked like your son must know himself .	6.973402976989746	your wife that looked like your son must know herself .	7.26162052154541	incorrect
my husband who would look like your daughter has heard herself .	6.227375030517578	my husband who would look like your daughter has heard himself .	6.275208950042725	incorrect
my dad that looked like Melissa sounds like herself .	6.191706657409668	my dad that looked like Melissa sounds like himself .	6.247260570526123	incorrect
the man that noticed the queen might sound like herself .	6.144453048706055	the man that noticed the queen might sound like himself .	6.11431884765625	correct
my brother who can n't hear my doctors liked themselves .	8.180790901184082	my brother who can n't hear my doctors liked himself .	8.295753479003906	incorrect
your grandmother who was n't talking about the boy knows himself .	7.190799713134766	your grandmother who was n't talking about the boy knows herself .	7.258923053741455	incorrect
the man that sounds like Ann looked like herself .	6.562489032745361	the man that sounds like Ann looked like himself .	6.47623872756958	correct
your mom that thinks about the doctors sounds like themselves .	7.356747150421143	your mom that thinks about the doctors sounds like herself .	7.579043388366699	incorrect
my grandmother who sounds like that boy wo n't know himself .	6.992756366729736	my grandmother who sounds like that boy wo n't know herself .	7.072066783905029	incorrect
your mother who is n't thinking about Joseph sounds like himself .	7.050883769989014	your mother who is n't thinking about Joseph sounds like herself .	7.131247043609619	incorrect
the teachers who looked like your son should n't hate himself .	7.112168788909912	the teachers who looked like your son should n't hate themselves .	7.146563529968262	incorrect
my mother who thinks about my father has talked about himself .	5.673567295074463	my mother who thinks about my father has talked about herself .	5.75142765045166	incorrect
my husband that liked the woman had n't remembered herself .	7.860033988952637	my husband that liked the woman had n't remembered himself .	7.905098915100098	incorrect
these teachers who were n't talking about my sister had seen herself .	6.76991081237793	these teachers who were n't talking about my sister had seen themselves .	6.6704277992248535	correct
your husband who can n't think about these doctors loved themselves .	7.83289909362793	your husband who can n't think about these doctors loved himself .	8.036497116088867	incorrect
those children that have n't talked about Amy look like herself .	6.962406158447266	those children that have n't talked about Amy look like themselves .	6.827236652374268	correct
this man who noticed those teachers sounded like themselves .	6.586355686187744	this man who noticed those teachers sounded like himself .	6.514993190765381	correct
that queen who remembered my dad has n't talked about himself .	6.527214527130127	that queen who remembered my dad has n't talked about herself .	6.435011386871338	correct
this king who hears this girl has heard herself .	6.845373153686523	this king who hears this girl has heard himself .	6.652457237243652	correct
my wife that heard those children knew themselves .	7.903397560119629	my wife that heard those children knew herself .	8.254363059997559	incorrect
that lady that had n't talked about my cousins remembered themselves .	7.593020439147949	that lady that had n't talked about my cousins remembered herself .	7.866025924682617	incorrect
that lady that must talk about my dad would think about himself .	5.566555500030518	that lady that must talk about my dad would think about herself .	5.466071605682373	correct
my son who was talking about your wife looked like herself .	5.972639560699463	my son who was talking about your wife looked like himself .	6.049325466156006	incorrect
my son that was n't talking about my grandmother is n't talking about herself .	5.516298294067383	my son that was n't talking about my grandmother is n't talking about himself .	5.52925968170166	incorrect
my wife who was talking about this boy forgot himself .	5.98193359375	my wife who was talking about this boy forgot herself .	6.141808986663818	incorrect
your brother who sounded like the teachers has n't heard themselves .	6.757040977478027	your brother who sounded like the teachers has n't heard himself .	6.823106288909912	incorrect
the people that were thinking about my son will see himself .	5.404843807220459	the people that were thinking about my son will see themselves .	5.329277515411377	correct
the doctors who talk about the boy wo n't hear himself .	7.198555946350098	the doctors who talk about the boy wo n't hear themselves .	7.052814483642578	correct
this woman that wo n't forget those people sounds like themselves .	7.0362138748168945	this woman that wo n't forget those people sounds like herself .	7.102790355682373	incorrect
my grandmother who sounded like my husband had n't thought about himself .	6.083084583282471	my grandmother who sounded like my husband had n't thought about herself .	6.192358016967773	incorrect
your sister who sounds like the doctors has noticed themselves .	7.159511566162109	your sister who sounds like the doctors has noticed herself .	7.291278839111328	incorrect
your teachers who had n't remembered the woman look like herself .	7.401832103729248	your teachers who had n't remembered the woman look like themselves .	7.366257667541504	correct
this girl who knows Aaron had n't seen himself .	6.589818000793457	this girl who knows Aaron had n't seen herself .	6.6947479248046875	incorrect
my wife who loves your husband liked himself .	7.387076377868652	my wife who loves your husband liked herself .	7.630995750427246	incorrect
your mom that has n't thought about the doctors does n't love themselves .	7.089397430419922	your mom that has n't thought about the doctors does n't love herself .	7.107602596282959	incorrect
those teachers who should notice Bill should hate himself .	8.40973949432373	those teachers who should notice Bill should hate themselves .	8.37253475189209	correct
these children who had talked about your wife will hear herself .	6.950868129730225	these children who had talked about your wife will hear themselves .	6.717715263366699	correct
your cousins who have noticed Marie may hear herself .	8.24708080291748	your cousins who have noticed Marie may hear themselves .	8.128081321716309	correct
your mom who could love my doctors thinks about themselves .	7.488542079925537	your mom who could love my doctors thinks about herself .	7.5981059074401855	incorrect
my grandmother who can n't notice your cousins is n't thinking about themselves .	6.834713935852051	my grandmother who can n't notice your cousins is n't thinking about herself .	6.961886405944824	incorrect
these teachers who forget Leslie might sound like herself .	7.810682773590088	these teachers who forget Leslie might sound like themselves .	7.58233642578125	correct
your cousins who hear that boy think about himself .	7.319457530975342	your cousins who hear that boy think about themselves .	7.365886688232422	incorrect
the guy who likes my teachers has n't thought about themselves .	6.986292839050293	the guy who likes my teachers has n't thought about himself .	6.950793266296387	correct
the man who has n't noticed that lady thinks about herself .	6.47733211517334	the man who has n't noticed that lady thinks about himself .	6.475484371185303	correct
those children who can n't forget this queen notice herself .	8.605729103088379	those children who can n't forget this queen notice themselves .	8.322162628173828	correct
the teachers who had heard that king wo n't see himself .	7.148934364318848	the teachers who had heard that king wo n't see themselves .	7.177657127380371	incorrect
my father that should n't notice these children should sound like themselves .	7.0100579261779785	my father that should n't notice these children should sound like himself .	7.154268264770508	incorrect
my husband that had seen your wife sounds like herself .	6.765242099761963	my husband that had seen your wife sounds like himself .	6.842408657073975	incorrect
the boy that sounds like Becca thought about herself .	6.425614833831787	the boy that sounds like Becca thought about himself .	6.254675388336182	correct
your friends that remembered that king talked about himself .	7.784368991851807	your friends that remembered that king talked about themselves .	7.972050666809082	incorrect
the queen who must forget the doctors has noticed themselves .	7.22243070602417	the queen who must forget the doctors has noticed herself .	7.328502655029297	incorrect
my sister who talked about my teachers loves themselves .	7.6581244468688965	my sister who talked about my teachers loves herself .	7.694807529449463	incorrect
that king who should hear your doctors has seen themselves .	7.538562297821045	that king who should hear your doctors has seen himself .	7.468997955322266	correct
my wife who was talking about your doctors noticed themselves .	7.263635158538818	my wife who was talking about your doctors noticed herself .	7.529414653778076	incorrect
this girl that sounded like those children did n't notice themselves .	6.566502571105957	this girl that sounded like those children did n't notice herself .	6.702093601226807	incorrect
that king who heard those children is talking about themselves .	6.144768714904785	that king who heard those children is talking about himself .	6.0548529624938965	correct
the king who could n't look like your wife was n't thinking about herself .	5.904715538024902	the king who could n't look like your wife was n't thinking about himself .	5.964470863342285	incorrect
the lady that sees these people had n't thought about themselves .	6.642699241638184	the lady that sees these people had n't thought about herself .	6.918903350830078	incorrect
that queen who thinks about the boy liked himself .	7.557466506958008	that queen who thinks about the boy liked herself .	7.582292556762695	incorrect
your doctors who forgot the man had n't heard himself .	7.275981426239014	your doctors who forgot the man had n't heard themselves .	7.317930221557617	incorrect
the children who must forget Anna know herself .	8.49756145477295	the children who must forget Anna know themselves .	8.340633392333984	correct
this man who does n't talk about those children is talking about themselves .	5.957311630249023	this man who does n't talk about those children is talking about himself .	5.8799920082092285	correct
your friends who should look like this queen saw herself .	7.159819602966309	your friends who should look like this queen saw themselves .	7.1000075340271	correct
this man that sees Becky had noticed herself .	7.1376633644104	this man that sees Becky had noticed himself .	6.978701114654541	correct
that woman who may think about James could think about himself .	5.908181667327881	that woman who may think about James could think about herself .	5.947668552398682	incorrect
my wife who could like your doctors looked like themselves .	7.029860019683838	my wife who could like your doctors looked like herself .	7.247723579406738	incorrect
your doctors that had heard this boy talked about himself .	6.9318461418151855	your doctors that had heard this boy talked about themselves .	7.078051567077637	incorrect
my son who had n't noticed those teachers talked about themselves .	6.965849876403809	my son who had n't noticed those teachers talked about himself .	6.929893493652344	correct
my cousins that knew this girl loved herself .	7.281183242797852	my cousins that knew this girl loved themselves .	7.310595512390137	incorrect
the lady that must look like these children hears themselves .	7.0589518547058105	the lady that must look like these children hears herself .	7.143228054046631	incorrect
my cousins that have n't seen George forget himself .	7.691274166107178	my cousins that have n't seen George forget themselves .	7.683384895324707	correct
your grandmother that will hear my son noticed himself .	8.078478813171387	your grandmother that will hear my son noticed herself .	8.373291015625	incorrect
these children who would forget Robert have heard himself .	7.474714756011963	these children who would forget Robert have heard themselves .	7.298491954803467	correct
your friends that like that lady have n't talked about herself .	7.110958576202393	your friends that like that lady have n't talked about themselves .	7.053440570831299	correct
my husband who has seen those children might remember themselves .	6.8664374351501465	my husband who has seen those children might remember himself .	6.961942195892334	incorrect
these teachers that would know the woman see herself .	7.0278472900390625	these teachers that would know the woman see themselves .	6.908336162567139	correct
my grandmother that had n't remembered my son forgot himself .	7.12115478515625	my grandmother that had n't remembered my son forgot herself .	7.396929740905762	incorrect
that girl who would n't notice those teachers is thinking about themselves .	6.85513162612915	that girl who would n't notice those teachers is thinking about herself .	6.862768173217773	incorrect
your grandmother who could n't love those teachers must talk about themselves .	7.387967109680176	your grandmother who could n't love those teachers must talk about herself .	7.479737758636475	incorrect
this guy that sounds like my cousins has noticed themselves .	7.040243625640869	this guy that sounds like my cousins has noticed himself .	7.093827724456787	incorrect
the people that think about that boy forgot himself .	6.320732116699219	the people that think about that boy forgot themselves .	6.284359455108643	correct
those doctors who talked about that king should hate himself .	7.45225191116333	those doctors who talked about that king should hate themselves .	7.561326026916504	incorrect
these children that would talk about this king have remembered himself .	6.463441848754883	these children that would talk about this king have remembered themselves .	6.361674785614014	correct
your grandmother who had n't thought about Paul did n't hear himself .	7.002518177032471	your grandmother who had n't thought about Paul did n't hear herself .	7.082840919494629	incorrect
your doctors who know Jill think about herself .	8.432456016540527	your doctors who know Jill think about themselves .	8.380383491516113	correct
the teachers that had n't thought about this girl did n't remember herself .	6.821321964263916	the teachers that had n't thought about this girl did n't remember themselves .	6.765775680541992	correct
your doctors that know this woman looked like herself .	7.441707134246826	your doctors that know this woman looked like themselves .	7.547210693359375	incorrect
my cousins who were n't thinking about Brian forgot himself .	6.761302947998047	my cousins who were n't thinking about Brian forgot themselves .	6.875831604003906	incorrect
this woman that was n't thinking about these doctors has seen themselves .	6.8978166580200195	this woman that was n't thinking about these doctors has seen herself .	6.826237678527832	correct
this woman who will love your teachers sees themselves .	7.492384433746338	this woman who will love your teachers sees herself .	7.479517459869385	correct
your son that could hate the teachers should n't forget themselves .	7.761275768280029	your son that could hate the teachers should n't forget himself .	7.855535984039307	incorrect
the people who noticed that king can n't sound like himself .	7.07436466217041	the people who noticed that king can n't sound like themselves .	7.033255577087402	correct
these children who like that girl had n't talked about herself .	6.3243408203125	these children who like that girl had n't talked about themselves .	6.1597771644592285	correct
this woman who was thinking about Timothy has remembered himself .	6.4505934715271	this woman who was thinking about Timothy has remembered herself .	6.513406276702881	incorrect
my sister who looked like Thomas wo n't look like himself .	6.613601207733154	my sister who looked like Thomas wo n't look like herself .	6.585358142852783	correct
that man that talks about your doctors thought about themselves .	6.7564311027526855	that man that talks about your doctors thought about himself .	6.751242160797119	correct
those doctors that sound like my son had talked about himself .	6.652467727661133	those doctors that sound like my son had talked about themselves .	6.75031852722168	incorrect
the boy who had n't noticed Stephanie loved herself .	8.049967765808105	the boy who had n't noticed Stephanie loved himself .	8.067779541015625	incorrect
the doctors that should n't see Alice were thinking about herself .	7.798539161682129	the doctors that should n't see Alice were thinking about themselves .	7.7953691482543945	correct
my husband who noticed those doctors could notice themselves .	7.980175495147705	my husband who noticed those doctors could notice himself .	8.132871627807617	incorrect
that boy who was n't thinking about my grandmother sees herself .	6.988341808319092	that boy who was n't thinking about my grandmother sees himself .	6.974925518035889	correct
my mom that was n't thinking about my friends knows themselves .	7.522022247314453	my mom that was n't thinking about my friends knows herself .	7.748769760131836	incorrect
the lady who knew your husband talks about himself .	6.722586631774902	the lady who knew your husband talks about herself .	6.941797733306885	incorrect
my teachers who see Patrick think about himself .	7.433448791503906	my teachers who see Patrick think about themselves .	7.424846172332764	correct
my grandmother who may love those teachers would n't notice themselves .	7.91718053817749	my grandmother who may love those teachers would n't notice herself .	8.119150161743164	incorrect
those people that forgot Brian had n't noticed himself .	7.309206962585449	those people that forgot Brian had n't noticed themselves .	7.225549221038818	correct
these children who sound like William are n't talking about himself .	6.800020217895508	these children who sound like William are n't talking about themselves .	6.6154680252075195	correct
your mom who loved Bill noticed himself .	9.013376235961914	your mom who loved Bill noticed herself .	9.10926628112793	incorrect
the boy who looked like those doctors is n't talking about themselves .	6.471813201904297	the boy who looked like those doctors is n't talking about himself .	6.441073894500732	correct
my dad that can n't forget your daughter had heard herself .	6.619704246520996	my dad that can n't forget your daughter had heard himself .	6.651203155517578	incorrect
my cousins that may notice Donald hear himself .	9.162813186645508	my cousins that may notice Donald hear themselves .	9.250778198242188	incorrect
the queen who looked like those people sounds like themselves .	6.202338695526123	the queen who looked like those people sounds like herself .	6.3636579513549805	incorrect
those doctors who could hate Alice have remembered herself .	8.859763145446777	those doctors who could hate Alice have remembered themselves .	8.685097694396973	correct
this woman who noticed the children remembered themselves .	6.965127468109131	this woman who noticed the children remembered herself .	6.964147567749023	correct
your friends who would n't forget that boy would think about himself .	6.364434719085693	your friends who would n't forget that boy would think about themselves .	6.430087566375732	incorrect
these teachers that have n't noticed Anna hate herself .	8.509358406066895	these teachers that have n't noticed Anna hate themselves .	8.439030647277832	correct
these doctors who knew the king wo n't know himself .	7.12666654586792	these doctors who knew the king wo n't know themselves .	7.14146089553833	incorrect
this king that had n't thought about Nancy sees herself .	7.99362850189209	this king that had n't thought about Nancy sees himself .	7.922581195831299	correct
those people that remember Nina know herself .	8.163471221923828	those people that remember Nina know themselves .	8.03311824798584	correct
that lady who sounded like your friends may love themselves .	6.202663421630859	that lady who sounded like your friends may love herself .	6.252549648284912	incorrect
your cousins who must think about Barbara know herself .	8.801191329956055	your cousins who must think about Barbara know themselves .	8.681952476501465	correct
your mom that had n't heard this man had noticed himself .	7.174963474273682	your mom that had n't heard this man had noticed herself .	7.336856842041016	incorrect
those teachers that are n't talking about Amelia have n't seen herself .	6.923647403717041	those teachers that are n't talking about Amelia have n't seen themselves .	6.815720081329346	correct
my mom that could n't think about Paul loves himself .	7.661284923553467	my mom that could n't think about Paul loves herself .	7.688723564147949	incorrect
your daughter who can n't love the teachers forgot themselves .	7.6791582107543945	your daughter who can n't love the teachers forgot herself .	7.746582508087158	incorrect
these doctors who looked like that king had n't remembered himself .	7.340246677398682	these doctors who looked like that king had n't remembered themselves .	7.31282901763916	correct
your doctors who see Kayla knew herself .	9.037338256835938	your doctors who see Kayla knew themselves .	9.005757331848145	correct
my doctors that have thought about your grandmother heard herself .	7.956665992736816	my doctors that have thought about your grandmother heard themselves .	7.788220405578613	correct
my dad who remembered your daughter forgot herself .	6.516702175140381	my dad who remembered your daughter forgot himself .	6.372713565826416	correct
these people who thought about my husband had talked about himself .	5.664645195007324	these people who thought about my husband had talked about themselves .	5.556584358215332	correct
my dad who has seen the lady has remembered herself .	6.060441017150879	my dad who has seen the lady has remembered himself .	6.046914577484131	correct
my grandmother that must love that man heard himself .	8.230342864990234	my grandmother that must love that man heard herself .	8.472479820251465	incorrect
your husband that noticed the teachers has seen themselves .	7.9487457275390625	your husband that noticed the teachers has seen himself .	8.11515998840332	incorrect
this woman who has n't thought about your friends was thinking about themselves .	6.186526298522949	this woman who has n't thought about your friends was thinking about herself .	6.083417892456055	correct
my dad who noticed your teachers likes themselves .	8.365533828735352	my dad who noticed your teachers likes himself .	8.400413513183594	incorrect
my brother who loved those people could think about themselves .	5.640970706939697	my brother who loved those people could think about himself .	5.730859279632568	incorrect
the man that could n't talk about my daughter can n't hear herself .	6.230305194854736	the man that could n't talk about my daughter can n't hear himself .	6.28898811340332	incorrect
my grandmother who thinks about that man forgot himself .	6.2838335037231445	my grandmother who thinks about that man forgot herself .	6.464827060699463	incorrect
my brother that can look like my teachers sounds like themselves .	6.6588592529296875	my brother that can look like my teachers sounds like himself .	6.755747318267822	incorrect
that queen who would n't see your cousins forgot themselves .	7.396970748901367	that queen who would n't see your cousins forgot herself .	7.548561096191406	incorrect
the king that should hear your doctors heard themselves .	7.974996089935303	the king that should hear your doctors heard himself .	8.144543647766113	incorrect
the children who had n't remembered your sister hate herself .	7.5863871574401855	the children who had n't remembered your sister hate themselves .	7.308197975158691	correct
the queen who talks about my doctors has n't talked about themselves .	7.072117805480957	the queen who talks about my doctors has n't talked about herself .	7.113131046295166	incorrect
my friends that can like that lady were n't thinking about herself .	7.245341777801514	my friends that can like that lady were n't thinking about themselves .	7.216541767120361	correct
the king that loved Lisa hears herself .	8.745829582214355	the king that loved Lisa hears himself .	8.812324523925781	incorrect
those people who might notice my mom think about herself .	6.9292216300964355	those people who might notice my mom think about themselves .	6.872201442718506	correct
your mom that will notice David should n't look like himself .	7.551181793212891	your mom that will notice David should n't look like herself .	7.6482930183410645	incorrect
my sister that looks like your friends forgot themselves .	6.217898368835449	my sister that looks like your friends forgot herself .	6.514674663543701	incorrect
your grandmother that did n't think about this king sees himself .	7.969544410705566	your grandmother that did n't think about this king sees herself .	8.09614086151123	incorrect
this boy who sounds like my mother has n't talked about herself .	5.811145782470703	this boy who sounds like my mother has n't talked about himself .	5.886077880859375	incorrect
the doctors who loved this guy have n't talked about himself .	6.724658012390137	the doctors who loved this guy have n't talked about themselves .	6.695897579193115	correct
these children that had heard Renee had n't remembered herself .	7.2614054679870605	these children that had heard Renee had n't remembered themselves .	7.185740947723389	correct
my teachers who were n't thinking about that girl are n't thinking about herself .	5.539114952087402	my teachers who were n't thinking about that girl are n't thinking about themselves .	5.471335411071777	correct
your dad who looked like these teachers talks about themselves .	6.809038162231445	your dad who looked like these teachers talks about himself .	6.792116165161133	correct
my son that must remember my wife has remembered herself .	6.6448893547058105	my son that must remember my wife has remembered himself .	6.700491428375244	incorrect
your brother who has seen the people talks about themselves .	6.073972225189209	your brother who has seen the people talks about himself .	5.934729099273682	correct
my son who liked Michelle has thought about herself .	7.289679050445557	my son who liked Michelle has thought about himself .	7.266396522521973	correct
this king who will think about these teachers had n't thought about themselves .	6.767064094543457	this king who will think about these teachers had n't thought about himself .	6.822394847869873	incorrect
your brother who had thought about Judy knew herself .	7.5973711013793945	your brother who had thought about Judy knew himself .	7.585015773773193	correct
this man who had talked about that lady has n't heard herself .	7.048910617828369	this man who had talked about that lady has n't heard himself .	6.931613922119141	correct
my mom that will forget your dad knew himself .	6.499685764312744	my mom that will forget your dad knew herself .	6.627791881561279	incorrect
my grandmother that can n't like those people knew themselves .	7.600709438323975	my grandmother that can n't like those people knew herself .	7.905318260192871	incorrect
this woman who has n't talked about my teachers does n't see themselves .	6.517043113708496	this woman who has n't talked about my teachers does n't see herself .	6.558932304382324	incorrect
those children who can n't hate my husband did n't sound like himself .	6.7620086669921875	those children who can n't hate my husband did n't sound like themselves .	6.805383205413818	incorrect
the king who hears your doctors has noticed themselves .	7.95950984954834	the king who hears your doctors has noticed himself .	8.04305362701416	incorrect
my friends that look like David knew himself .	7.428133010864258	my friends that look like David knew themselves .	7.513422012329102	incorrect
the woman who thinks about these children looks like themselves .	5.723393440246582	the woman who thinks about these children looks like herself .	5.741754531860352	incorrect
that queen that has n't heard Bill will remember himself .	7.799503803253174	that queen that has n't heard Bill will remember herself .	7.901171684265137	incorrect
the woman that should see your son knew himself .	7.090627193450928	the woman that should see your son knew herself .	7.454548358917236	incorrect
my friends who did n't love my son have n't seen himself .	6.641301155090332	my friends who did n't love my son have n't seen themselves .	6.674169540405273	incorrect
